    1
   68
   59
   59
   51
   46
   51
   51
  175
  161
  161
  177
  176
  180
  181
  181
  183
  193
  195
  231
  254
  263
  277
  263
  274
  286
  299
  314
  330
  319
  320
  327
  317
  298
  281
  270
  262
  270
  260
  254
  236
  191
  191
  184
  180
  179
  179
  167
  178
  162
  162
  177
   59
   53
   49
   54
   60
   61
   63
    1
    1
   31
   59
   56
   53
   46
   52
   51
  166
  158
  157
  173
  170
  176
  176
  177
  180
  189
  189
  227
  249
  261
  271
  257
  266
  276
  291
  306
  324
  313
  314
  322
  306
  290
  274
  264
  259
  271
  261
  247
  231
  186
  187
  178
  176
  176
  175
  163
  174
  156
  158
  162
   52
   52
   47
   53
   57
   56
    1
  131
  198
    1
   76
   61
   54
   50
   51
   50
  116
  161
  154
  172
  170
  172
  173
  175
  177
  186
  185
  221
  245
  257
  266
  253
  262
  270
  283
  298
  320
  314
  311
  317
  300
  282
  267
  260
  254
  260
  255
  244
  226
  183
  184
  176
  174
  173
  172
  162
  171
  153
  163
  110
   50
   50
   49
   55
   58
   56
    1
  273
  257
  182
    1
   55
   56
   50
   43
   50
   80
  162
  149
  166
  170
  166
  170
  172
  174
  182
  181
  215
  242
  249
  254
  250
  260
  265
  276
  292
  312
  311
  310
  314
  296
  278
  264
  259
  253
  253
  248
  242
  228
  182
  183
  175
  173
  171
  171
  164
  170
  152
  163
   85
   51
   48
   52
   54
   56
    1
  115
   65
    1
  258
    1
   62
   53
   51
   42
   50
   73
  162
  149
  152
  169
  166
  167
  170
  172
  179
  180
  188
  231
  240
  247
  250
  259
  261
  271
  288
  307
  310
  293
  310
  291
  274
  261
  259
  253
  242
  235
  229
  195
  181
  177
  172
  163
  160
  154
  173
  171
  157
  167
   75
   51
   45
   51
   56
   60
    1
  248
    1
   70
  171
   56
   90
   52
   49
   43
   48
   72
  165
  156
  153
  171
  153
  153
  158
  160
  169
  174
  176
  227
  232
  239
  249
  257
  258
  269
  286
  305
  290
  288
  305
  290
  272
  260
  248
  236
  230
  221
  186
  175
  171
  168
  161
  156
  152
  155
  172
  156
  154
  165
   69
   50
   47
   51
   53
  116
  178
  164
    1
   80
    1
  183
   98
   49
   47
   47
   46
   61
  163
  154
  157
  168
  149
  143
  148
  152
  156
  164
  166
  172
  214
  227
  234
  245
  257
  266
  284
  298
  281
  253
  259
  279
  231
  217
  236
  234
  229
  203
  169
  165
  164
  156
  151
  147
  143
  153
  167
  158
  154
  164
   64
   49
   49
   53
   50
  128
   49
   75
   91
   85
   71
   99
   87
   84
   63
   49
   43
   49
  131
  142
  139
  140
  140
  159
  150
  153
  158
  161
  162
  165
  168
  168
  168
  165
  166
  170
  178
  192
  254
