A_X [mg]	A_Y [mg]	A_Z [mg]	G_X [dps]	G_Y [dps]	G_Z [dps]
-6.81661E+002	-2.99326E+002	7.49046E+002	-9.15555E-001	-3.78430E+000	3.72326E+000
-1.17191E+001	-1.23539E+002	1.01663E+003	3.05185E-001	2.44148E-001	-1.09867E+000
-1.12308E+001	-1.22562E+002	1.01712E+003	1.83111E-001	-4.27259E-001	-1.34281E+000
-6.83615E+000	-1.28422E+002	1.01859E+003	-3.05185E-001	-1.83111E+000	-1.64800E+000
-3.90637E+000	-1.32328E+002	1.01566E+003	0.00000E+000	-2.31941E+000	-2.01422E+000
-9.76592E+000	-1.28910E+002	1.01077E+003	9.15555E-001	-1.34281E+000	-2.25837E+000
-8.78933E+000	-1.26957E+002	1.01566E+003	4.27259E-001	-2.13630E+000	-2.31941E+000
-2.44148E+000	-1.24027E+002	1.02298E+003	1.83111E-001	-2.56355E+000	-2.62459E+000
-5.85955E+000	-1.21586E+002	1.01517E+003	7.93481E-001	-8.54518E-001	-3.17392E+000
-9.76592E+000	-1.18656E+002	1.00980E+003	9.15555E-001	-6.10370E-002	-3.35704E+000
-8.78933E+000	-1.19633E+002	1.01614E+003	6.10370E-002	-7.93481E-001	-3.29600E+000
-1.12308E+001	-1.21586E+002	1.01419E+003	-6.10370E-002	-6.71407E-001	-3.66222E+000
-1.02542E+001	-1.25004E+002	1.01566E+003	-4.88296E-001	-1.28178E+000	-3.66222E+000
-2.92978E+000	-1.28422E+002	1.01468E+003	-7.93481E-001	-6.71407E-001	-3.29600E+000
-7.81274E+000	-1.32328E+002	1.01224E+003	-2.44148E-001	-7.32444E-001	-3.84533E+000
-3.90637E+000	-1.36235E+002	1.01956E+003	1.22074E-001	-7.93481E-001	-3.72326E+000
0.00000E+000	-1.33793E+002	1.01956E+003	7.93481E-001	-7.32444E-001	-3.66222E+000
-4.88296E+000	-1.29398E+002	1.00980E+003	9.15555E-001	-4.27259E-001	-3.84533E+000
-5.85955E+000	-1.27934E+002	1.01224E+003	7.32444E-001	-1.58696E+000	-3.90637E+000
-1.41606E+001	-1.28422E+002	1.01175E+003	3.66222E-001	-9.15555E-001	-3.41807E+000
-4.88296E+000	-1.29887E+002	1.02445E+003	1.83111E-001	-2.01422E+000	-3.23496E+000
-7.32444E+000	-1.29887E+002	1.01517E+003	9.76592E-001	-2.44148E-001	-3.17392E+000
-1.51372E+001	-1.30863E+002	1.01126E+003	1.03763E+000	3.66222E-001	-3.17392E+000
-1.61138E+001	-1.33305E+002	1.01419E+003	2.44148E-001	-1.22074E-001	-2.62459E+000
-7.32444E+000	-1.31840E+002	1.00980E+003	3.05185E-001	2.44148E-001	-2.07526E+000
-2.44148E+000	-1.32817E+002	1.01810E+003	6.10370E-002	-4.27259E-001	-2.38044E+000
-2.92978E+000	-1.30863E+002	1.02005E+003	-1.83111E-001	4.88296E-001	-2.38044E+000
6.34785E+000	-1.27934E+002	1.03958E+003	-1.28178E+000	4.33363E+000	-2.19733E+000
2.53914E+001	-1.33305E+002	1.10843E+003	-2.92978E+000	1.95929E+001	-1.52593E+000
-5.71306E+001	-1.46489E+002	1.00882E+003	-5.49333E-001	4.38246E+001	4.27259E-001
-8.49635E+001	-1.20121E+002	9.66826E+002	2.74667E+000	3.30210E+001	1.22074E-001
-1.13773E+002	-1.27934E+002	1.00101E+003	9.76592E-001	2.53304E+001	1.22074E-001
-1.38188E+002	-1.36235E+002	1.01175E+003	3.66222E-001	2.63680E+001	1.46489E+000
-1.15726E+002	-1.25004E+002	1.03763E+003	-4.27259E-001	2.75277E+001	3.35704E+000
-1.67486E+002	-1.27934E+002	9.89776E+002	-6.10370E-001	3.42418E+001	3.41807E+000
-2.01666E+002	-1.26957E+002	9.86358E+002	7.93481E-001	2.67342E+001	8.54518E-001
-2.16315E+002	-1.18656E+002	9.88800E+002	2.01422E+000	2.50862E+001	5.49333E-001
-2.41218E+002	-1.21097E+002	9.71709E+002	-4.88296E-001	2.52693E+001	1.77007E+000
-2.49031E+002	-1.25492E+002	9.87335E+002	-2.56355E+000	1.78228E+001	9.15555E-001
-2.71004E+002	-1.34770E+002	9.64873E+002	-2.19733E+000	1.43437E+001	-3.66222E-001
-2.83700E+002	-1.30863E+002	9.63897E+002	-3.17392E+000	1.06815E+001	-1.03763E+000
-2.97861E+002	-1.35258E+002	9.49736E+002	-4.57778E+000	5.00504E+000	-1.58696E+000
-2.83700E+002	-1.39164E+002	9.70733E+002	-4.88296E+000	-4.88296E+000	-3.41807E+000
-2.62215E+002	-1.34281E+002	9.68780E+002	-5.31022E+000	-7.87378E+000	-5.12711E+000
-2.55379E+002	-1.48930E+002	9.83428E+002	-7.81274E+000	-7.75170E+000	-5.73748E+000
-2.49519E+002	-1.45024E+002	9.86358E+002	-9.76592E+000	-5.12711E+000	-3.72326E+000
-2.47078E+002	-1.30375E+002	9.77081E+002	-1.35502E+001	0.00000E+000	-1.58696E+000
-2.48543E+002	-1.33305E+002	9.82940E+002	-2.03253E+001	7.69066E+000	0.00000E+000
-2.33894E+002	-1.52837E+002	9.99054E+002	-2.16071E+001	1.75176E+001	-2.56355E+000
-2.75887E+002	-1.93854E+002	1.02054E+003	-2.13019E+001	3.32652E+001	-6.46992E+000
-3.41807E+002	-1.93365E+002	9.66826E+002	-1.91656E+001	5.10269E+001	-1.03153E+001
-4.33119E+002	-2.47566E+002	8.87722E+002	-2.14850E+001	6.64083E+001	-1.20243E+001
-4.84878E+002	-2.51473E+002	7.63207E+002	-2.52083E+001	7.29392E+001	-7.32444E+000
-4.67788E+002	-3.09580E+002	8.34986E+002	-3.15561E+001	4.88907E+001	-1.10477E+001
-5.10758E+002	-4.15540E+002	9.26786E+002	-2.53914E+001	4.81582E+001	-9.09452E+000
-5.40056E+002	-3.77453E+002	7.52464E+002	-8.78933E+000	7.30613E+001	7.08029E+000
-5.51775E+002	-3.53526E+002	6.48946E+002	-3.47911E+000	8.05689E+001	1.86163E+001
-5.31266E+002	-3.30576E+002	6.45528E+002	-1.44658E+001	7.26341E+001	2.53304E+001
-5.07828E+002	-3.23252E+002	7.21213E+002	-2.65511E+001	5.57878E+001	2.45369E+001
-5.63005E+002	-2.87606E+002	7.51488E+002	-2.36824E+001	5.40788E+001	1.70293E+001
-7.39769E+002	-2.82723E+002	7.53929E+002	-1.98370E+001	4.44960E+001	-9.76592E-001
-8.39869E+002	-3.50108E+002	8.79421E+002	-2.14240E+001	1.14750E+001	-1.83721E+001
-8.68191E+002	-4.07727E+002	8.97977E+002	-8.05689E+000	1.01932E+001	-1.94708E+001
-8.51588E+002	-3.75011E+002	7.71020E+002	7.26341E+000	4.14441E+001	-2.99081E+000
-7.82250E+002	-3.30576E+002	6.22089E+002	1.31840E+001	6.06708E+001	1.14750E+001
-7.37815E+002	-3.02744E+002	4.95132E+002	1.50761E+001	5.84735E+001	1.14139E+001
-7.13401E+002	-2.83212E+002	4.23841E+002	1.72124E+001	4.48012E+001	5.31022E+000
-6.90939E+002	-2.78817E+002	3.64757E+002	1.95318E+001	3.39366E+001	4.27259E-001
-6.84103E+002	-2.82723E+002	3.44249E+002	1.61138E+001	2.67342E+001	-6.71407E-001
-6.95334E+002	-2.96396E+002	3.13974E+002	1.07425E+001	2.53914E+001	2.62459E+000
-7.18772E+002	-3.33018E+002	2.99814E+002	9.39970E+000	1.04984E+001	8.30103E+000
-7.54906E+002	-3.72082E+002	3.51085E+002	8.05689E+000	-2.06305E+001	1.15970E+001
-7.50511E+002	-4.09680E+002	4.16028E+002	3.84533E+000	-5.79241E+001	1.19022E+001
-6.52364E+002	-4.17493E+002	4.53139E+002	7.81274E+000	-9.32035E+001	3.90637E+000
-5.10758E+002	-2.83700E+002	5.21989E+002	7.69066E+000	-1.10233E+002	1.46489E+000
-1.43657E+003	0.00000E+000	1.38920E+003	2.53304E+001	-7.44041E+001	-5.59709E+001
-1.81549E+003	-5.29313E+002	1.62944E+003	-1.68462E+001	-3.23496E+001	-2.19733E+000
-5.56658E+002	-8.34986E+001	4.35560E+002	4.74258E+001	-8.70998E+001	2.74056E+001
-1.32328E+002	3.41807E+001	2.62703E+002	8.08741E+001	-1.05777E+002	1.87994E+001
-1.68462E+002	5.71306E+001	4.42396E+002	3.17392E+001	-5.69475E+001	9.76592E+000
-5.46892E+002	-1.28422E+002	6.46992E+002	-3.19834E+001	-2.20344E+001	-1.46489E+000
-7.50999E+002	-3.09091E+002	8.75515E+002	-5.84124E+001	-2.53914E+001	2.74667E+000
-6.88498E+002	-3.44249E+002	9.62920E+002	-3.99792E+001	-3.46690E+001	6.83615E+000
-5.39567E+002	-3.81359E+002	9.34111E+002	-3.24717E+001	-5.23698E+001	1.40996E+001
-4.17982E+002	-3.72082E+002	8.72585E+002	-2.58797E+001	-8.22779E+001	2.00201E+001
-2.60262E+002	-3.97473E+002	1.00735E+003	-2.03864E+001	-1.14261E+002	1.78228E+001
-1.21586E+002	-3.34483E+002	1.10599E+003	-5.00504E+000	-1.06449E+002	2.19733E+001
-3.90637E+001	-3.04697E+002	1.06302E+003	4.21155E+000	-6.69576E+001	2.00201E+001
-6.64083E+001	-3.04697E+002	1.05911E+003	1.69073E+001	-2.22175E+001	6.04266E+000
-1.58696E+002	-2.52937E+002	1.01273E+003	2.61238E+001	4.51674E+000	-2.19733E+000
-2.37312E+002	-2.32429E+002	9.75127E+002	2.32551E+001	-7.93481E-001	-5.00504E+000
-2.64657E+002	-2.32917E+002	9.36064E+002	2.62459E+001	-1.09867E+001	-8.85037E+000
-2.71981E+002	-1.84576E+002	9.45341E+002	3.47301E+001	-2.19733E+001	-5.73748E+000
-2.01178E+002	-1.94342E+002	9.76592E+002	4.08338E+001	-2.54524E+001	-7.44652E+000
-2.14362E+002	-1.42094E+002	9.45830E+002	4.29701E+001	-2.14850E+001	-9.33866E+000
-1.66997E+002	-1.04007E+002	9.78545E+002	3.02744E+001	-5.15763E+001	-6.83615E+000
-5.42009E+001	-1.05960E+002	1.04398E+003	1.97760E+001	-6.49434E+001	1.83111E-001
-8.69167E+001	-9.86358E+001	9.75127E+002	2.14850E+001	-5.50554E+001	5.92059E+000
1.75787E+001	-6.78732E+001	9.99054E+002	1.36723E+001	-9.80865E+001	-6.71407E-001
2.24128E+002	-7.66625E+001	1.06644E+003	1.35502E+001	-1.02847E+002	-5.37126E+000
2.24616E+002	-4.29701E+001	1.00931E+003	3.40587E+001	-6.97653E+001	-1.64800E+001
2.67098E+002	-2.44148E+001	1.06888E+003	5.10880E+001	-6.65304E+001	-3.17392E+001
3.38878E+002	5.51775E+001	1.07669E+003	6.72628E+001	-5.76800E+001	-4.67544E+001
3.50597E+002	1.38676E+002	9.86358E+002	8.00806E+001	-3.30821E+001	-4.99893E+001
3.38878E+002	1.88971E+002	9.36552E+002	7.96533E+001	-1.43437E+001	-5.44450E+001
2.86630E+002	2.30476E+002	8.71609E+002	8.17286E+001	-6.10370E-002	-5.73138E+001
2.53426E+002	3.49132E+002	8.50612E+002	8.14844E+001	-8.36207E+000	-5.14542E+001
2.27546E+002	3.80383E+002	8.78933E+002	6.26240E+001	-1.70904E+000	-3.32041E+001
2.21686E+002	4.72182E+002	8.85769E+002	4.77309E+001	1.34281E+000	-2.61849E+001
1.80670E+002	4.29701E+002	8.14966E+002	2.14850E+001	1.95318E+000	-1.48320E+001
1.99225E+002	4.22864E+002	8.45241E+002	6.10370E+000	-1.83111E+000	-2.86874E+000
2.40242E+002	4.53627E+002	9.12626E+002	-3.11289E+000	4.63881E+000	3.05185E-001
2.30476E+002	4.42885E+002	8.85281E+002	-7.20237E+000	1.78838E+001	-1.22074E-001
2.46101E+002	4.71206E+002	8.11548E+002	-1.19022E+001	1.99591E+001	-1.52593E+000
2.71004E+002	4.98062E+002	8.46217E+002	-3.98572E+001	2.70394E+001	-5.92059E+000
1.23539E+002	5.22965E+002	9.88800E+002	-7.67235E+001	9.95514E+001	1.15970E+001
-6.25019E+001	3.64757E+002	8.55983E+002	-1.10599E+002	1.51616E+002	4.45570E+001
-1.51372E+002	1.52837E+002	6.66036E+002	-1.45024E+002	1.03397E+002	2.75277E+001
5.12711E+001	-1.62603E+002	1.38432E+003	-1.51311E+002	6.92770E+001	-2.30720E+001
-1.55766E+002	-2.07038E+002	1.32621E+003	-1.10599E+002	1.63701E+002	5.49333E+000
-3.84289E+002	-1.66997E+002	1.09378E+003	-7.92871E+001	9.69878E+001	1.34281E+001
-3.34483E+002	-2.16315E+002	1.06790E+003	-6.76901E+001	2.38044E+000	1.81280E+001
-2.81259E+002	-1.66021E+002	1.03519E+003	-3.07627E+001	2.50252E+000	1.69683E+001
-1.75787E+002	-1.61138E+002	8.83816E+002	-2.61849E+001	1.83111E-001	4.39467E+000
-1.29398E+002	-3.41807E+002	1.00101E+003	-4.43129E+001	4.82192E+000	-2.86874E+000
-1.91900E+002	-2.65633E+002	6.95822E+002	-3.39366E+001	7.28172E+001	2.42317E+001
-1.23539E+002	-2.67098E+002	7.49535E+002	-3.27769E+001	9.94293E+001	3.32652E+001
-2.22175E+002	-2.96884E+002	7.11936E+002	-3.13730E+001	1.50212E+002	4.82803E+001
-4.35560E+002	-2.89560E+002	6.83615E+002	-3.47911E+001	1.85125E+002	7.22678E+001
-6.29902E+002	-2.25593E+002	5.23453E+002	-3.57677E+001	1.96356E+002	1.09134E+002
-8.98953E+002	-5.81072E+001	3.36436E+002	2.92978E+000	2.01910E+002	1.16276E+002
-9.63408E+002	1.26957E+002	2.31941E+002	2.50252E+001	1.54973E+002	8.06909E+001
-8.93582E+002	1.61626E+002	2.28523E+002	-5.31022E+000	1.01871E+002	7.81274E+001
-8.88699E+002	1.09867E+002	2.53426E+002	-4.04065E+001	8.68557E+001	1.05411E+002
-9.52666E+002	1.49907E+002	2.37312E+002	-3.10678E+001	1.05228E+002	1.28544E+002
-9.54619E+002	3.69640E+002	1.18656E+002	1.01932E+001	1.01749E+002	1.43315E+002
-9.46318E+002	4.75600E+002	4.10169E+001	1.96539E+001	7.84326E+001	1.26164E+002
-9.46318E+002	5.37126E+002	-7.81274E+000	1.14750E+001	6.28071E+001	1.09378E+002
-9.29716E+002	6.66036E+002	1.07425E+001	-3.90637E+000	2.75277E+001	1.04129E+002
-8.10572E+002	6.01581E+002	6.20136E+001	-1.47710E+001	8.11792E+000	8.48415E+001
-8.29615E+002	5.90838E+002	5.46892E+001	6.10370E-001	1.47710E+001	7.00095E+001
-8.54518E+002	6.94357E+002	6.83615E+000	-1.28178E+000	8.24000E+000	5.09049E+001
-7.68578E+002	6.91427E+002	-9.76592E+000	-2.47810E+001	-1.19022E+001	3.17392E+001
-8.02271E+002	6.21601E+002	-4.88296E+000	-2.75887E+001	-1.98370E+001	1.61138E+001
-8.19849E+002	8.01782E+002	1.02542E+001	-8.72829E+000	-2.86874E+001	1.89825E+001
-7.56371E+002	8.68191E+002	1.31840E+001	-5.00504E+000	-4.14441E+001	8.17896E+000
-7.10959E+002	8.73562E+002	2.44148E+001	4.57778E+000	-3.73547E+001	4.15052E+000
-7.25608E+002	9.47295E+002	2.83212E+001	3.78430E+000	-3.25327E+001	3.96741E+000
-8.12525E+002	1.11576E+003	8.74050E+001	-2.80160E+001	-4.01013E+001	-2.38044E+001
-9.16044E+002	7.36351E+002	1.51860E+002	-8.11792E+001	-5.82293E+001	-1.19449E+002
-8.36940E+002	4.18470E+002	6.98263E+001	-4.90738E+001	-1.06021E+002	-1.55766E+002
-7.08029E+002	6.36250E+002	1.23051E+002	-3.95520E+001	-1.10599E+002	-1.40996E+002
-1.03568E+003	4.23841E+002	3.48643E+002	-4.51064E+001	-1.24393E+002	-1.59307E+002
-8.48659E+002	2.38777E+002	5.29801E+002	-7.31834E+001	-1.24088E+002	-1.26591E+002
-7.44163E+002	1.52837E+002	4.92691E+002	-7.58080E+001	-9.65606E+001	-1.28056E+002
-6.29902E+002	4.83413E+001	4.59487E+002	-4.59609E+001	-1.11026E+002	-1.51921E+002
-6.10858E+002	-5.66424E+002	9.12626E+002	-3.90027E+001	-1.18473E+002	-1.43803E+002
-4.45814E+002	-1.19633E+002	6.75802E+002	-2.52083E+001	-5.88397E+001	-5.43229E+000
-3.90149E+002	-1.28422E+002	6.54805E+002	-1.34281E+001	-3.83923E+001	-1.42827E+001
-4.54604E+002	-1.67486E+002	6.98263E+002	6.10370E-002	-2.48421E+001	-4.49843E+001
-4.79995E+002	-2.86630E+002	9.07254E+002	1.47710E+001	-1.36113E+001	-6.03046E+001
-5.60564E+002	-3.06162E+002	8.65261E+002	-4.57778E+000	2.10578E+001	-2.21564E+001
-5.94256E+002	-2.28034E+002	7.57836E+002	-1.90435E+001	2.30720E+001	1.40385E+000
-5.78631E+002	-3.13974E+002	8.04712E+002	-1.63579E+001	-6.59200E+000	-1.84332E+001
-5.56658E+002	-3.33506E+002	8.62331E+002	2.01422E+000	-4.02844E+000	-1.80059E+001
-5.19547E+002	-2.59774E+002	8.04712E+002	1.86163E+001	1.87994E+001	3.78430E+000
-6.55293E+002	-2.41218E+002	7.82739E+002	1.23905E+001	1.75787E+001	1.30009E+001
-6.69454E+002	-2.01666E+002	7.76879E+002	-1.34281E+000	-1.95318E+000	6.71407E-001
-6.24042E+002	-2.80282E+002	8.34986E+002	-6.28681E+000	-1.23905E+001	-1.34892E+001
-5.71306E+002	-2.25105E+002	7.73949E+002	-1.15970E+000	-8.24000E+000	-5.85955E+000
-5.81072E+002	-2.20222E+002	8.59401E+002	1.28788E+001	-1.37333E+001	7.32444E-001
-6.04999E+002	-2.16315E+002	8.01294E+002	2.43538E+001	-1.48320E+001	6.10370E+000
-5.08316E+002	-1.72369E+002	7.15842E+002	1.55034E+001	-2.42317E+001	-6.89718E+000
-4.45326E+002	-2.85653E+002	7.39769E+002	-1.22684E+001	-3.02744E+001	-7.50755E+000
-6.23554E+002	-3.33995E+002	9.01395E+002	-3.50352E+001	-2.36213E+001	3.71105E+001
-4.63393E+002	-1.87017E+002	7.52464E+002	-2.95419E+001	-5.29801E+001	-1.18412E+001
-4.07239E+002	-3.90637E+002	9.15555E+002	-4.51674E+001	-7.94702E+001	-2.77108E+001
-4.44838E+002	-3.97961E+002	1.02884E+003	-2.97250E+001	-4.07117E+001	4.43129E+001
-4.15052E+002	-2.32917E+002	8.27174E+002	7.32444E-001	-2.49031E+001	4.40687E+001
-3.37413E+002	-4.51674E+002	9.32157E+002	1.14750E+001	-3.24107E+001	1.23905E+001
-4.18958E+002	-3.54991E+002	1.00638E+003	4.29701E+001	2.80770E+001	2.89315E+001
-4.47768E+002	-9.61943E+001	8.16919E+002	3.65612E+001	2.63680E+001	-3.08847E+001
-4.11634E+002	-1.79693E+002	9.23368E+002	4.58998E+001	-3.46690E+001	-6.76290E+001
-5.12711E+002	-1.11820E+002	9.06278E+002	9.09452E+001	-2.31330E+001	-5.52995E+001
-4.22864E+002	-6.00604E+001	8.16431E+002	9.13724E+001	-2.27058E+001	-5.32853E+001
-3.04697E+002	-2.63680E+001	9.14090E+002	9.18607E+001	-4.90738E+001	-7.79443E+001
-3.65246E+002	2.24616E+001	8.27662E+002	6.25019E+001	-3.44859E+001	-9.90631E+001
-2.76376E+002	-1.31352E+002	1.08158E+003	2.47200E+001	-3.40587E+001	-9.77813E+001
-7.12912E+001	-1.42582E+002	1.18509E+003	1.37944E+001	1.21464E+001	-3.30821E+001
-1.56255E+002	-9.32646E+001	1.08890E+003	5.87786E+001	1.11087E+001	-1.33671E+001
-3.60851E+002	4.83413E+001	1.03568E+003	7.19626E+001	-1.06815E+001	-4.44960E+001
-3.62316E+002	4.39467E+000	9.11161E+002	5.90838E+001	-8.22779E+001	-5.24308E+001
-1.87994E+002	4.34584E+001	8.94070E+002	6.91549E+001	-1.57109E+002	-6.12201E+001
6.68966E+001	9.32646E+001	1.04349E+003	4.66323E+001	-1.01993E+002	-4.08948E+000
1.66021E+001	1.55766E+002	1.03763E+003	5.37126E+000	-4.46791E+001	4.95621E+001
8.05689E+001	1.85064E+002	1.15922E+003	-2.29499E+001	-6.49434E+001	5.24918E+001
1.46977E+002	-1.51372E+001	1.05081E+003	-7.44652E+000	-5.95111E+001	3.87585E+001
1.62603E+002	8.74050E+001	1.01273E+003	1.70293E+001	-1.05838E+002	-2.31941E+000
2.93466E+002	1.50884E+002	7.81274E+002	2.75887E+001	-1.29582E+002	-2.22785E+001
3.79894E+002	1.09378E+002	8.60866E+002	1.14139E+001	-1.03580E+002	-1.67241E+001
4.75600E+002	1.60161E+002	7.90063E+002	6.89718E+000	-6.63472E+001	-2.05695E+001
5.39079E+002	2.29011E+002	8.32057E+002	-2.16071E+001	-6.76290E+001	-2.55135E+001
5.70330E+002	1.50395E+002	9.23368E+002	-4.05896E+001	-4.87686E+001	-2.19733E+000
5.77166E+002	1.15238E+002	9.46318E+002	-2.90536E+001	3.22275E+001	-1.83111E-001
4.74136E+002	1.01077E+002	9.41435E+002	-1.13529E+001	1.22501E+002	-6.95822E+000
1.84088E+002	9.22880E+001	8.78933E+002	-1.40996E+001	1.69317E+002	1.01932E+001
7.56859E+001	0.00000E+000	1.02542E+003	-2.31330E+001	7.87988E+001	6.92160E+001
1.80181E+002	5.81072E+001	1.05179E+003	0.00000E+000	4.78530E+001	5.89007E+001
1.07913E+002	8.20338E+001	1.10111E+003	6.16474E+000	8.35597E+001	3.35093E+001
-4.39467E+001	9.27763E+001	9.88311E+002	-1.58696E+000	1.09195E+002	3.88806E+001
-7.08029E+001	4.19935E+001	9.59014E+002	-3.11289E+001	2.03864E+001	3.04575E+001
4.34584E+001	1.56255E+001	9.24345E+002	-3.39366E+001	-8.45363E+001	3.65001E+001
1.79693E+002	-5.02945E+001	1.05618E+003	-4.57778E+001	-3.21665E+001	7.04978E+001
1.16703E+002	-1.60161E+002	1.10111E+003	-3.09458E+001	5.67034E+001	5.15152E+001
1.26957E+001	-6.59200E+001	1.12064E+003	4.57778E+000	4.80972E+001	-3.66222E+000
-1.82623E+002	-2.24616E+001	1.03323E+003	4.23597E+001	6.97653E+001	1.21464E+001
-1.62114E+002	-5.85955E+001	9.41435E+002	4.05286E+001	-4.99893E+001	1.57476E+001
2.46101E+002	1.70904E+001	1.02347E+003	4.63271E+001	-1.57903E+002	-1.57476E+001
2.21686E+002	7.76391E+001	9.67315E+002	5.14542E+001	-4.40077E+001	-2.18513E+001
1.27445E+002	1.53813E+002	9.94171E+002	2.80770E+001	4.40077E+001	-2.92978E+000
9.22880E+001	9.91241E+001	9.19462E+002	-9.52177E+000	-3.29600E+000	1.50151E+001
5.46892E+001	1.12308E+001	1.03275E+003	-2.63070E+001	-6.48213E+001	-7.20237E+000
1.85064E+002	1.22074E+001	1.06449E+003	1.69073E+001	-1.07547E+002	-9.27763E+000
4.36537E+002	1.45024E+002	1.05765E+003	6.50044E+001	-1.55400E+002	-1.14139E+001
4.79995E+002	2.57332E+002	8.14478E+002	7.53197E+001	-6.56148E+001	-2.31941E+001
3.85754E+002	3.11045E+002	8.08130E+002	9.70489E+000	-1.34281E+001	-1.44047E+001
1.73833E+002	1.39164E+002	8.59890E+002	-5.56047E+001	-1.28178E+000	-2.44148E+000
3.49620E+002	5.17594E+001	9.37040E+002	-5.37736E+001	-3.34483E+001	2.71615E+001
4.56069E+002	5.22477E+001	9.55596E+002	-2.76498E+001	-4.30311E+001	3.74767E+001
5.97674E+002	5.81072E+001	8.81863E+002	-1.08036E+001	-4.52284E+001	3.28990E+001
6.31855E+002	5.71306E+001	7.87133E+002	-2.24006E+001	-5.98163E+001	1.06204E+001
5.84979E+002	6.83615E+000	8.13990E+002	-5.01724E+001	-4.69985E+001	-2.38044E+000
5.79608E+002	-7.22678E+001	8.50612E+002	-5.80462E+001	-2.36213E+001	1.02542E+001
5.91815E+002	-7.08029E+001	8.44752E+002	-3.94910E+001	-3.79040E+001	1.17191E+001
6.54317E+002	-1.04495E+002	8.01294E+002	-2.26447E+001	-8.04468E+001	-4.88296E+000
7.12424E+002	-9.03348E+001	7.62719E+002	-5.49333E+000	-9.33256E+001	-1.01321E+001
7.21702E+002	-6.49434E+001	6.74825E+002	-7.93481E-001	-8.12403E+001	8.30103E+000
8.22291E+002	-9.71709E+001	6.20136E+002	-8.36207E+000	-7.07419E+001	2.47200E+001
8.47194E+002	-1.17191E+002	5.94256E+002	-1.09256E+001	-6.10370E+001	2.23395E+001
8.12525E+002	-1.23539E+002	5.25895E+002	-1.95318E+001	-2.69173E+001	1.76397E+001
8.15943E+002	-1.71880E+002	5.57146E+002	-3.60729E+001	-3.16782E+001	1.40385E+000
8.24244E+002	-1.65532E+002	5.16129E+002	-3.18003E+001	-5.18204E+001	-3.29600E+000
8.66726E+002	-2.10944E+002	4.91714E+002	-2.97250E+001	-5.01114E+001	1.34281E+001
8.63796E+002	-2.27058E+002	4.64370E+002	-2.29499E+001	-3.51573E+001	2.89315E+001
8.60378E+002	-2.51961E+002	4.43861E+002	-1.74566E+001	-2.96030E+001	4.00403E+001
8.61843E+002	-2.89560E+002	4.22376E+002	-1.13529E+001	-2.36824E+001	4.92569E+001
8.60866E+002	-3.24717E+002	3.99915E+002	-9.27763E+000	-2.13630E+001	4.86465E+001
8.68679E+002	-3.64269E+002	4.01379E+002	-8.36207E+000	-1.67241E+001	4.73647E+001
8.63308E+002	-3.94543E+002	3.90149E+002	-2.80770E+000	-1.18412E+001	4.26038E+001
8.38893E+002	-4.12122E+002	4.14075E+002	1.64800E+000	-7.50755E+000	5.68865E+001
7.34397E+002	-4.92203E+002	3.52550E+002	8.24000E+000	1.39164E+001	8.89920E+001
7.40745E+002	-5.18082E+002	3.70617E+002	1.03763E+000	4.82192E+000	9.13114E+001
7.94458E+002	-5.85955E+002	3.86242E+002	-4.69985E+000	-1.64800E+000	7.49535E+001
7.62230E+002	-6.34297E+002	3.95520E+002	-8.60622E+000	-7.38548E+000	4.76699E+001
7.14377E+002	-6.28925E+002	3.54991E+002	-7.75170E+000	8.11792E+000	4.10779E+001
6.61641E+002	-6.32344E+002	3.65734E+002	-2.08747E+001	2.24616E+001	3.88195E+001
6.55782E+002	-6.86056E+002	4.13099E+002	-1.70904E+001	1.36113E+001	2.74056E+001
6.25996E+002	-6.83126E+002	4.02356E+002	1.09867E+000	3.47911E+000	1.78228E+001
6.21113E+002	-6.79708E+002	3.73547E+002	6.46992E+000	-5.55437E+000	1.41606E+001
6.62130E+002	-7.07053E+002	3.66222E+002	-1.58696E+000	-8.91140E+000	1.91046E+001
6.02069E+002	-7.10959E+002	3.52062E+002	-1.12918E+001	1.04373E+001	2.40486E+001
5.54704E+002	-7.34397E+002	3.73547E+002	-2.02033E+001	2.66121E+001	3.58898E+001
5.24430E+002	-7.45140E+002	3.96008E+002	-2.02643E+001	3.06406E+001	3.88195E+001
4.91226E+002	-7.79321E+002	3.91125E+002	-1.44047E+001	3.41197E+001	4.32142E+001
4.72671E+002	-8.15455E+002	4.02356E+002	-9.33866E+000	3.40587E+001	4.87075E+001
4.33607E+002	-8.09595E+002	4.01868E+002	-7.87378E+000	3.24107E+001	4.64492E+001
4.09680E+002	-8.48659E+002	4.14075E+002	-1.23295E+001	2.30720E+001	4.26649E+001
4.16028E+002	-8.63308E+002	4.17005E+002	-5.67644E+000	1.61138E+001	3.89416E+001
3.76965E+002	-8.72097E+002	4.12122E+002	-1.46489E+000	7.44652E+000	2.61238E+001
3.48155E+002	-8.70632E+002	4.10657E+002	2.44148E-001	5.49333E-001	1.56255E+001
3.34483E+002	-8.64772E+002	3.99426E+002	2.31941E+000	1.46489E+000	1.18412E+001
3.24229E+002	-8.66237E+002	3.97473E+002	9.76592E-001	8.54518E-001	9.39970E+000
3.30088E+002	-8.78933E+002	4.10657E+002	-7.32444E-001	1.77007E+000	9.46074E+000
3.20322E+002	-8.75027E+002	4.09680E+002	0.00000E+000	3.17392E+000	6.59200E+000
3.15928E+002	-8.82351E+002	4.15052E+002	-1.83111E+000	2.01422E+000	4.39467E+000
3.14463E+002	-8.73074E+002	4.15540E+002	4.45570E+000	4.21155E+000	3.41807E+000
2.94931E+002	-8.70144E+002	4.24329E+002	9.76592E+000	5.49333E+000	9.15555E-001
2.89071E+002	-8.67214E+002	4.29701E+002	1.39775E+001	4.45570E+000	-3.05185E-001
2.94931E+002	-8.61354E+002	4.37025E+002	1.44047E+001	2.62459E+000	1.95318E+000
3.15928E+002	-8.61843E+002	4.55092E+002	1.45878E+001	3.96741E+000	1.70904E+000
3.55480E+002	-8.72585E+002	4.48256E+002	1.80670E+001	8.85037E+000	-5.85955E+000
3.45714E+002	-9.02371E+002	4.88784E+002	2.00812E+001	5.79852E+000	-2.66121E+001
2.77841E+002	-8.20338E+002	5.03433E+002	3.84533E+001	3.21665E+001	-1.89215E+001
3.78918E+002	-8.57936E+002	5.96698E+002	5.09049E+001	4.38856E+001	-7.08029E+000
3.32530E+002	-8.01294E+002	6.33320E+002	9.63775E+001	9.33866E+001	-2.41707E+001
2.15339E+002	-6.69454E+002	6.58712E+002	1.31535E+002	1.33122E+002	-3.66832E+001
1.29398E+002	-6.11347E+002	7.39769E+002	1.13895E+002	1.15787E+002	-3.33262E+001
2.03131E+002	-5.93768E+002	8.25220E+002	8.52687E+001	7.55638E+001	-3.22886E+001
5.66424E+001	-4.75112E+002	8.97000E+002	8.26441E+001	7.31834E+001	-6.01825E+001
-1.25980E+002	-3.85754E+002	9.27274E+002	7.19626E+001	2.13019E+001	-6.14643E+001
7.91040E+001	-3.68175E+002	9.21415E+002	6.88498E+001	-2.73446E+001	-1.70904E+001
1.64556E+002	-3.25694E+002	9.19950E+002	5.74358E+001	-7.81274E+000	-8.05689E+000
1.41606E+002	-3.39366E+002	9.92218E+002	4.07117E+001	-4.02844E+000	-2.25227E+001
1.18168E+002	-2.68563E+002	1.03323E+003	5.12711E+001	-3.11289E+000	-1.96539E+001
8.44752E+001	-2.18268E+002	9.88800E+002	6.55538E+001	-1.07425E+001	-9.09452E+000
1.53325E+002	-1.91900E+002	9.79522E+002	6.72018E+001	-1.17801E+001	5.31022E+000
2.02643E+002	-1.58208E+002	9.92218E+002	7.48314E+001	1.73956E+001	1.05594E+001
1.75298E+002	-9.08231E+001	9.97101E+002	8.08741E+001	4.55336E+001	5.92059E+000
9.27763E+001	-3.66222E+001	1.01370E+003	8.23389E+001	6.88498E+001	6.10370E+000
-1.46489E+000	5.56658E+001	1.02982E+003	8.84426E+001	8.55129E+001	1.36723E+001
-7.56859E+001	1.35746E+002	1.01956E+003	9.07620E+001	7.60521E+001	2.03864E+001
-8.93582E+001	1.95318E+002	1.00882E+003	9.23490E+001	6.70186E+001	2.55745E+001
-1.73345E+002	2.61727E+002	9.60967E+002	9.69878E+001	6.86666E+001	2.66732E+001
-2.30964E+002	3.68664E+002	9.01883E+002	9.32035E+001	5.99384E+001	3.92468E+001
-2.13385E+002	4.03333E+002	8.97977E+002	7.27561E+001	2.27058E+001	4.00403E+001
-2.19245E+002	4.55580E+002	8.56960E+002	6.21357E+001	9.58281E+000	4.53505E+001
-1.40629E+002	5.22477E+002	8.28639E+002	4.76699E+001	2.47810E+001	6.42720E+001
-7.56859E+001	5.34196E+002	8.37428E+002	2.51473E+001	2.05695E+001	4.19935E+001
-1.48930E+002	5.44939E+002	8.31568E+002	1.01932E+001	3.60118E+000	1.28178E+000
-1.60649E+002	5.47380E+002	8.28639E+002	-2.50252E+000	2.38044E+000	-5.43229E+000
-1.80181E+002	5.45427E+002	8.48170E+002	-1.40996E+001	1.28788E+001	-4.82192E+000
-2.11432E+002	5.20524E+002	8.70632E+002	-2.29499E+001	5.43229E+000	-8.72829E+000
-2.16315E+002	4.79995E+002	8.80398E+002	-2.63680E+001	-7.26341E+000	-5.67644E+000
-2.12409E+002	4.66811E+002	8.71609E+002	-1.99591E+001	-1.95929E+001	-1.22074E+000
-1.81646E+002	4.75112E+002	8.46706E+002	-1.56255E+001	-3.54625E+001	3.05185E-001
-1.38676E+002	4.63393E+002	8.54518E+002	-2.92978E+001	-5.05387E+001	1.46489E+000
-8.64284E+001	4.30677E+002	8.91629E+002	-4.63271E+001	-5.74358E+001	3.90637E+000
-2.24616E+001	3.75500E+002	9.35087E+002	-5.20035E+001	-4.20545E+001	8.17896E+000
-2.14850E+001	3.54015E+002	9.42900E+002	-4.92569E+001	-1.64190E+001	4.76089E+000
-2.44148E+000	2.97861E+002	9.35575E+002	-5.46892E+001	-1.19022E+001	-5.92059E+000
-1.46489E+001	2.42683E+002	9.48271E+002	-6.51875E+001	-5.49333E-001	-1.23295E+001
-3.66222E+001	1.91412E+002	9.80987E+002	-6.98263E+001	1.76397E+001	-1.30619E+001
-1.17191E+002	1.49907E+002	1.01517E+003	-6.92770E+001	1.99591E+001	-1.51982E+001
-1.05960E+002	8.44752E+001	1.08499E+003	-5.95111E+001	1.40385E+000	-4.33363E+000
-8.30103E+001	7.51976E+001	1.06497E+003	-2.82601E+001	-1.33061E+001	2.92978E+000
-5.56658E+001	7.56859E+001	1.04300E+003	-5.73748E+000	-2.44148E+001	5.73748E+000
9.76592E+000	7.08029E+001	1.02249E+003	4.88296E+000	-1.97150E+001	7.69066E+000
-2.92978E+000	8.74050E+001	1.00296E+003	3.41807E+000	-8.42311E+000	-1.15970E+000
-3.95520E+001	8.25220E+001	1.01614E+003	-5.61541E+000	-8.36207E+000	-4.88296E+000
-1.61138E+001	6.73849E+001	1.01370E+003	-2.86874E+000	-7.01926E+000	1.46489E+000
7.32444E+000	5.81072E+001	1.01517E+003	1.89215E+000	-3.35704E+000	3.05185E+000
2.19733E+001	6.20136E+001	1.02933E+003	1.03763E+000	-1.40385E+000	-5.49333E-001
1.46489E+000	7.27561E+001	1.00980E+003	-2.99081E+000	-4.45570E+000	-6.34785E+000
9.76592E-001	6.88498E+001	1.01566E+003	-6.65304E+000	2.80770E+000	-5.98163E+000
-2.78329E+001	6.25019E+001	1.01810E+003	-7.75170E+000	4.02844E+000	-5.49333E+000
-3.46690E+001	6.78732E+001	1.00052E+003	-6.77511E+000	-3.05185E-001	-2.62459E+000
1.46489E+000	3.41807E+001	1.02835E+003	-9.64385E+000	-1.83111E+000	7.32444E-001
-9.27763E+000	3.85754E+001	1.04495E+003	-4.02844E+000	3.96741E+000	-1.77007E+000
-1.80670E+001	4.39467E+001	1.04300E+003	2.07526E+000	7.32444E-001	-1.83111E+000
-1.02542E+001	5.22477E+001	1.02738E+003	7.93481E+000	-4.39467E+000	-1.52593E+000
-1.56255E+001	6.25019E+001	9.98077E+002	8.05689E+000	-4.02844E+000	-6.10370E-001
-1.02542E+001	5.85955E+001	1.00345E+003	2.31941E+000	-2.07526E+000	7.93481E-001
-1.95318E+000	5.51775E+001	1.01712E+003	1.83111E-001	1.83111E-001	4.27259E-001
-8.30103E+000	5.12711E+001	1.03568E+003	1.28178E+000	1.83111E+000	-4.27259E-001
-6.83615E+000	5.42009E+001	1.03323E+003	5.18815E+000	3.05185E-001	3.05185E-001
-7.81274E+000	7.27561E+001	1.01761E+003	6.83615E+000	-2.25837E+000	-1.09867E+000
-1.07425E+001	7.95923E+001	9.92706E+002	5.24918E+000	-5.43229E+000	-2.01422E+000
-1.36723E+001	8.20338E+001	1.00443E+003	-1.83111E+000	-2.01422E+000	-1.83111E+000
-9.76592E+000	6.15253E+001	1.02493E+003	-5.73748E+000	2.50252E+000	-1.83111E-001
-7.32444E+000	5.85955E+001	1.03958E+003	-2.07526E+000	2.68563E+000	1.22074E+000
-8.30103E+000	6.64083E+001	1.02396E+003	3.96741E+000	-2.44148E+000	6.10370E-002
4.88296E-001	6.83615E+001	1.00589E+003	5.12711E+000	-3.41807E+000	7.32444E-001
4.88296E+000	6.25019E+001	1.00833E+003	1.64800E+000	-9.15555E-001	3.66222E-001
-2.92978E+000	6.54317E+001	1.01859E+003	0.00000E+000	4.88296E-001	-1.22074E+000
-1.95318E+000	7.08029E+001	1.02396E+003	1.22074E+000	-1.64800E+000	-2.38044E+000
-1.36723E+001	7.95923E+001	1.01859E+003	2.01422E+000	-9.15555E-001	-2.13630E+000
-7.81274E+000	8.05689E+001	1.01321E+003	4.88296E-001	-1.09867E+000	-6.10370E-001
-8.30103E+000	7.17795E+001	1.01614E+003	-2.62459E+000	2.44148E-001	-4.88296E-001
-9.76592E+000	6.29902E+001	1.02005E+003	-3.47911E+000	4.88296E-001	-4.88296E-001
-1.36723E+001	6.68966E+001	1.01859E+003	-1.89215E+000	-9.15555E-001	-7.32444E-001
-1.17191E+001	6.83615E+001	1.01614E+003	-1.64800E+000	-1.40385E+000	-2.44148E-001
9.76592E-001	5.76189E+001	1.01566E+003	-2.80770E+000	-1.40385E+000	3.66222E-001
-3.41807E+000	5.42009E+001	1.01761E+003	-3.66222E+000	-6.10370E-001	-4.27259E-001
-2.92978E+000	5.81072E+001	1.00833E+003	-5.06607E+000	-3.78430E+000	-1.22074E+000
3.90637E+000	5.32243E+001	1.00931E+003	-9.21659E+000	-4.45570E+000	-2.19733E+000
-1.46489E+000	4.39467E+001	1.00638E+003	-1.48930E+001	-2.92978E+000	-2.86874E+000
1.12308E+001	2.05084E+001	1.01614E+003	-2.05695E+001	-1.40385E+000	-3.47911E+000
0.00000E+000	1.46489E+000	1.02152E+003	-2.36213E+001	-2.13630E+000	-6.10370E+000
1.31840E+001	-2.92978E+001	1.03714E+003	-2.27058E+001	-1.22074E+000	-5.00504E+000
-7.32444E+000	-2.97861E+001	1.03616E+003	-1.42827E+001	1.58696E+000	-5.61541E+000
-2.44148E+000	-3.27158E+001	1.03226E+003	-6.28681E+000	-1.34281E+000	-3.96741E+000
7.81274E+000	-3.41807E+001	1.02591E+003	-1.34281E+000	-2.74667E+000	-2.44148E+000
3.41807E+000	-3.27158E+001	1.03128E+003	-7.93481E-001	-2.80770E+000	-2.62459E+000
2.44148E+000	-3.46690E+001	1.02933E+003	1.09867E+000	-1.09867E+000	-2.07526E+000
2.44148E+000	-2.63680E+001	1.01370E+003	3.96741E+000	-3.41807E+000	-1.95318E+000
2.05084E+001	-2.19733E+001	1.01321E+003	3.78430E+000	-3.54015E+000	-8.54518E-001
1.95318E+001	-1.95318E+001	1.01468E+003	9.15555E-001	-1.09867E+000	-1.03763E+000
2.05084E+001	-3.75988E+001	1.02347E+003	-4.27259E+000	-6.10370E-002	-9.15555E-001
6.34785E+000	-4.34584E+001	1.02005E+003	-2.80770E+000	-2.19733E+000	-3.17392E+000
5.37126E+000	-3.22275E+001	1.01907E+003	-6.71407E-001	-5.31022E+000	-3.66222E+000
1.22074E+001	-2.78329E+001	1.01566E+003	-2.68563E+000	-1.23295E+001	-5.18815E+000
2.49031E+001	-2.73446E+001	1.01224E+003	-8.24000E+000	-1.96539E+001	-8.11792E+000
5.90838E+001	-4.63881E+001	1.01517E+003	-1.31230E+001	-3.31431E+001	-1.19022E+001
1.11332E+002	-7.66625E+001	1.02200E+003	-1.17191E+001	-4.51674E+001	-1.72124E+001
1.32328E+002	-6.49434E+001	1.00345E+003	-1.00101E+001	-3.84533E+001	-1.86163E+001
1.45512E+002	-6.39668E+001	9.97589E+002	-1.56865E+001	-3.14341E+001	-1.67241E+001
1.70415E+002	-8.05689E+001	9.80010E+002	-2.42927E+001	-3.53404E+001	-1.72735E+001
2.16315E+002	-1.17679E+002	9.90265E+002	-3.24717E+001	-5.31022E+001	-2.41707E+001
2.56844E+002	-1.36723E+002	9.87823E+002	-2.83212E+001	-5.67034E+001	-2.51473E+001
2.82723E+002	-1.38188E+002	9.68780E+002	-2.17902E+001	-4.96841E+001	-2.22175E+001
3.14463E+002	-1.39653E+002	9.31669E+002	-2.17292E+001	-4.68154E+001	-1.50151E+001
3.44737E+002	-1.64068E+002	9.06766E+002	-2.92367E+001	-5.33464E+001	-1.34281E+001
4.27747E+002	-2.11921E+002	9.17997E+002	-3.45470E+001	-5.87786E+001	-9.52177E+000
4.85366E+002	-2.45125E+002	9.08719E+002	-2.88095E+001	-6.01215E+001	-7.20237E+000
5.43962E+002	-2.36824E+002	8.81375E+002	-1.56255E+001	-6.13422E+001	-1.06815E+001
5.65935E+002	-2.30964E+002	8.42799E+002	-1.02542E+001	-5.61541E+001	-1.51982E+001
5.59587E+002	-2.28034E+002	7.90063E+002	-1.09256E+001	-6.05487E+001	-1.75176E+001
5.81561E+002	-2.35359E+002	7.41722E+002	-1.20853E+001	-6.89108E+001	-1.81280E+001
6.55782E+002	-2.37312E+002	7.26585E+002	-1.00101E+001	-6.53096E+001	-1.77618E+001
7.07053E+002	-2.10944E+002	6.88498E+002	-1.22684E+001	-6.32344E+001	-2.13630E+001
7.94458E+002	-2.17292E+002	6.53340E+002	-2.42317E+001	-7.36717E+001	-2.64901E+001
8.48170E+002	-2.04108E+002	6.02069E+002	-2.96030E+001	-6.25629E+001	-2.97861E+001
8.83816E+002	-2.34870E+002	5.91327E+002	-3.08847E+001	-4.17493E+001	-3.74767E+001
7.91040E+002	-1.89459E+002	5.53240E+002	-2.53914E+001	-1.70293E+001	-4.32142E+001
7.88110E+002	-1.90435E+002	5.46892E+002	-2.91147E+001	-2.70394E+001	-3.11899E+001
8.18384E+002	-1.83111E+002	5.29801E+002	-2.42317E+001	-3.83312E+001	-2.18513E+001
8.44264E+002	-1.78228E+002	4.79507E+002	-2.49641E+001	-3.67443E+001	-1.59307E+001
8.86258E+002	-1.98737E+002	4.80972E+002	-2.64290E+001	-3.43028E+001	-1.40385E+001
8.71120E+002	-1.84576E+002	4.15052E+002	-1.55034E+001	-3.87585E+001	-9.33866E+000
9.16044E+002	-1.67486E+002	3.55480E+002	-2.16071E+001	-5.68865E+001	-5.49333E+000
9.43876E+002	-2.01666E+002	3.63292E+002	-3.36924E+001	-4.20545E+001	-5.67644E+000
9.00906E+002	-1.99713E+002	3.40831E+002	-2.86264E+001	-5.43229E+000	-1.40385E+000
8.83816E+002	-1.83599E+002	2.96884E+002	-3.00913E+001	-1.08646E+001	1.25736E+001
8.62331E+002	-1.88482E+002	2.78817E+002	-5.78631E+001	-4.28480E+001	3.41197E+001
9.65361E+002	-3.63781E+002	3.21299E+002	-6.09760E+001	-4.65712E+001	5.35295E+001
9.79034E+002	-3.81359E+002	3.13974E+002	-2.02033E+001	3.23496E+000	5.02335E+001
9.59014E+002	-3.72082E+002	3.30088E+002	1.34892E+001	3.05185E+001	2.58797E+001
8.92605E+002	-3.42296E+002	3.10068E+002	2.80160E+001	1.57476E+001	1.09867E+000
8.79421E+002	-3.23740E+002	2.55379E+002	1.97150E+001	1.46489E+000	1.83111E+000
8.88211E+002	-3.35948E+002	2.44636E+002	-6.83615E+000	-1.05594E+001	8.66726E+000
9.08231E+002	-3.83801E+002	2.93466E+002	-2.05695E+001	-1.12308E+001	1.19022E+001
9.22880E+002	-3.86731E+002	2.97372E+002	-9.46074E+000	-5.55437E+000	4.57778E+000
9.05301E+002	-3.73058E+002	2.80282E+002	1.46489E+000	-7.93481E+000	-8.36207E+000
8.81375E+002	-3.45714E+002	2.34870E+002	-3.66222E-001	-6.71407E+000	-1.01932E+001
8.94070E+002	-3.59386E+002	2.46590E+002	-1.28178E+001	-8.30103E+000	-1.77007E+000
9.07254E+002	-3.72570E+002	2.66121E+002	-1.16581E+001	3.96741E+000	3.60118E+000
9.04324E+002	-3.79894E+002	2.92001E+002	-1.46489E+000	7.56859E+000	-7.93481E-001
9.02860E+002	-3.67687E+002	2.80282E+002	1.25126E+001	4.94400E+000	-1.34281E+000
9.14090E+002	-3.55968E+002	2.89071E+002	1.68462E+001	1.05594E+001	3.60118E+000
8.68191E+002	-3.59874E+002	2.96396E+002	1.09867E+001	2.78939E+001	8.05689E+000
8.61843E+002	-3.89172E+002	3.25205E+002	-1.15970E+000	1.77618E+001	8.05689E+000
8.88699E+002	-3.84289E+002	3.32530E+002	2.44148E+000	2.31941E+000	4.21155E+000
8.70632E+002	-3.67687E+002	3.26670E+002	7.20237E+000	9.21659E+000	2.31941E+000
8.60866E+002	-3.62804E+002	3.08603E+002	5.55437E+000	7.87378E+000	4.57778E+000
8.58913E+002	-3.69640E+002	3.09580E+002	2.68563E+000	-1.64800E+000	4.27259E+000
8.52565E+002	-3.85754E+002	3.09580E+002	-2.19733E+000	-4.39467E+000	1.64800E+000
8.61354E+002	-3.94543E+002	3.10068E+002	-1.28178E+000	-4.33363E+000	6.71407E-001
8.81375E+002	-3.94543E+002	2.94931E+002	1.34281E+000	-5.67644E+000	1.34281E+000
9.10672E+002	-3.97961E+002	3.01767E+002	-3.23496E+000	-9.09452E+000	2.92978E+000
9.17997E+002	-4.03821E+002	3.12998E+002	-6.65304E+000	1.15970E+000	2.50252E+000
8.84793E+002	-3.87707E+002	3.13974E+002	-3.29600E+000	8.48415E+000	-2.31941E+000
8.57936E+002	-3.80871E+002	3.18857E+002	8.54518E-001	7.01926E+000	-3.05185E+000
8.64284E+002	-3.89660E+002	3.23740E+002	4.21155E+000	7.50755E+000	8.54518E-001
8.83816E+002	-3.94543E+002	3.31553E+002	4.94400E+000	1.22074E+001	5.79852E+000
8.72097E+002	-4.01868E+002	3.55968E+002	2.92978E+000	2.21564E+001	6.77511E+000
8.38893E+002	-4.06262E+002	3.83312E+002	3.78430E+000	3.36314E+001	6.34785E+000
8.26685E+002	-3.98938E+002	3.98450E+002	4.08948E+000	3.72936E+001	9.82696E+000
7.99829E+002	-4.00891E+002	4.35560E+002	-1.77007E+000	3.00913E+001	1.40385E+001
7.96899E+002	-4.18958E+002	4.66811E+002	-1.28178E+000	3.66832E+001	2.27668E+001
7.64672E+002	-4.35072E+002	4.79995E+002	4.69985E+000	5.91449E+001	3.35093E+001
7.14866E+002	-4.41908E+002	5.19059E+002	3.29600E+000	8.50246E+001	4.23597E+001
6.35273E+002	-4.80972E+002	5.61541E+002	-8.42311E+000	9.66216E+001	4.43739E+001
6.14765E+002	-5.38102E+002	6.32832E+002	-1.65410E+001	7.79443E+001	4.55947E+001
5.80584E+002	-5.55193E+002	6.46992E+002	-9.15555E+000	6.31123E+001	4.40687E+001
5.42497E+002	-5.65935E+002	6.54805E+002	-7.38548E+000	4.84024E+001	3.22886E+001
5.23453E+002	-5.78631E+002	6.75314E+002	-4.69985E+000	3.22275E+001	2.17902E+001
4.84878E+002	-5.85467E+002	6.95334E+002	-8.54518E-001	2.81991E+001	1.55034E+001
4.81948E+002	-6.04022E+002	7.28538E+002	9.15555E-001	3.25327E+001	1.88604E+001
4.20911E+002	-6.01581E+002	7.34397E+002	2.13630E+000	3.54015E+001	2.06915E+001
4.03333E+002	-6.10858E+002	7.46117E+002	2.80770E+000	1.69683E+001	1.83721E+001
4.16028E+002	-5.98651E+002	7.43675E+002	1.41606E+001	6.59200E+000	1.76397E+001
3.99426E+002	-5.84002E+002	7.25120E+002	2.31941E+001	3.41807E+000	1.22684E+001
3.80383E+002	-5.68377E+002	7.26585E+002	2.63070E+001	5.18815E+000	8.91140E+000
3.65246E+002	-5.66912E+002	7.34886E+002	1.94708E+001	1.50151E+001	1.18412E+001
3.40831E+002	-5.52263E+002	7.54906E+002	1.56255E+001	2.83212E+001	1.72124E+001
3.12998E+002	-5.69842E+002	7.73461E+002	8.05689E+000	2.98471E+001	1.95929E+001
3.03720E+002	-5.61541E+002	7.92993E+002	8.72829E+000	1.89825E+001	1.88604E+001
2.84188E+002	-5.58123E+002	8.02759E+002	9.03348E+000	2.66121E+001	1.46489E+001
2.31941E+002	-5.39079E+002	8.05200E+002	2.25837E+000	3.81481E+001	1.31840E+001
1.91412E+002	-5.53240E+002	8.24244E+002	-4.69985E+000	3.09458E+001	1.19633E+001
1.86529E+002	-5.58123E+002	8.30592E+002	-3.47911E+000	2.58187E+001	7.32444E+000
1.75787E+002	-5.60564E+002	8.49147E+002	-1.77007E+000	3.25938E+001	1.95318E+000
1.58208E+002	-5.61052E+002	8.40358E+002	-1.83111E+000	3.08847E+001	-7.93481E-001
1.49419E+002	-5.85467E+002	8.31080E+002	-3.47911E+000	2.94198E+001	-4.33363E+000
7.17795E+001	-5.62517E+002	8.42799E+002	1.28178E+000	3.97351E+001	7.87378E+000
8.74050E+001	-5.68865E+002	8.33522E+002	4.15052E+000	2.54524E+001	1.69683E+001
4.00403E+001	-5.47380E+002	8.15943E+002	2.56355E+000	1.83111E+001	7.62963E+000
6.34785E+001	-5.84002E+002	9.01395E+002	-4.69985E+000	1.62969E+001	2.44148E+000
2.44148E+001	-5.70818E+002	8.79910E+002	-3.05185E+000	2.56966E+001	6.22578E+000
7.12912E+001	-5.98651E+002	8.34986E+002	-1.95318E+000	6.59200E+000	5.31022E+000
1.90435E+001	-5.59099E+002	8.19849E+002	3.11289E+000	2.01422E+000	-7.56859E+000
-1.26957E+001	-5.43962E+002	8.17896E+002	1.09867E+000	8.66726E+000	3.47911E+000
4.49232E+001	-5.73260E+002	7.91528E+002	-6.59200E+000	1.54424E+001	1.30619E+001
6.05487E+001	-6.25996E+002	8.57936E+002	-2.22785E+001	6.22578E+000	2.80770E+000
-1.26957E+001	-6.00604E+002	8.52565E+002	-1.62358E+001	1.70293E+001	-1.62358E+001
-3.27158E+001	-6.08417E+002	8.53053E+002	-1.22684E+001	1.86773E+001	-7.56859E+000
4.88296E-001	-6.21113E+002	8.34010E+002	-8.42311E+000	9.15555E+000	6.10370E-002
-9.76592E+000	-6.17695E+002	8.08618E+002	-5.49333E+000	3.23496E+000	-6.28681E+000
-3.41807E+001	-6.08905E+002	8.04712E+002	-4.82192E+000	9.39970E+000	-7.50755E+000
-4.34584E+001	-6.14765E+002	8.17408E+002	-1.39164E+001	5.18815E+000	-4.39467E+000
-4.29701E+001	-6.31367E+002	8.04224E+002	-1.36113E+001	-1.09867E+000	6.28681E+000
-2.05084E+001	-6.31367E+002	7.99341E+002	-3.54015E+000	1.22074E+000	1.25736E+001
-4.39467E+001	-6.17206E+002	7.77367E+002	-4.39467E+000	1.35502E+001	7.20237E+000
-3.36924E+001	-6.33808E+002	7.79321E+002	-1.97150E+001	2.05084E+001	2.38044E+000
-5.66424E+001	-6.51875E+002	7.38792E+002	-3.83923E+001	3.84533E+001	1.70904E+000
-8.88699E+001	-6.98263E+002	7.22190E+002	-6.42109E+001	4.84634E+001	2.50252E+000
-1.18168E+002	-7.33421E+002	6.69942E+002	-7.69677E+001	5.62761E+001	-4.88296E-001
-1.52348E+002	-7.85180E+002	6.34297E+002	-8.30103E+001	6.51265E+001	-3.54015E+000
-1.71880E+002	-8.41823E+002	6.28925E+002	-6.13422E+001	5.73748E+001	-1.35502E+001
-2.32429E+002	-8.80398E+002	5.79119E+002	-3.63170E+001	4.51674E+001	-5.24918E+000
-1.63579E+002	-8.38404E+002	5.69842E+002	-2.97250E+001	4.12000E+001	4.21155E+000
-2.20222E+002	-8.65749E+002	5.29801E+002	-2.36824E+001	4.51674E+001	-4.27259E+000
-2.43171E+002	-8.89676E+002	5.19059E+002	-2.11798E+001	4.99283E+001	-3.05185E-001
-2.28034E+002	-8.94070E+002	5.45427E+002	-2.82601E+001	7.29392E+001	1.77007E+001
-1.88482E+002	-8.38893E+002	4.55092E+002	-4.07727E+001	1.12491E+002	3.28990E+001
-2.87606E+002	-8.39381E+002	3.32041E+002	-4.21155E+001	1.30192E+002	2.29499E+001
-4.82437E+002	-9.48759E+002	2.67098E+002	-4.97452E+001	1.53508E+002	1.78228E+001
-4.51186E+002	-8.63308E+002	1.39164E+002	-5.48112E+001	1.53264E+002	3.87585E+001
-5.15641E+002	-8.50612E+002	5.32243E+001	-3.22275E+001	1.14872E+002	2.52693E+001
-5.60076E+002	-8.79910E+002	1.17191E+001	-2.23395E+001	1.14078E+002	1.97150E+001
-5.01968E+002	-8.28150E+002	-2.97861E+001	-4.05896E+001	1.30497E+002	3.58287E+001
-5.00992E+002	-8.06665E+002	-7.66625E+001	-3.82092E+001	1.11698E+002	3.24717E+001
-5.12711E+002	-8.10083E+002	-1.05960E+002	-3.02133E+001	1.20792E+002	2.49641E+001
-4.97085E+002	-7.77856E+002	-2.34382E+002	-2.89315E+001	1.45390E+002	2.07526E+001
-5.43962E+002	-7.94946E+002	-3.84289E+002	-1.82501E+001	1.27628E+002	9.88800E+000
-5.34684E+002	-7.86645E+002	-4.40931E+002	-2.48421E+001	1.02542E+002	1.59917E+001
-4.59487E+002	-7.45140E+002	-4.20911E+002	-3.07016E+001	8.61232E+001	1.89825E+001
-3.96496E+002	-7.26585E+002	-4.08704E+002	-2.36824E+001	8.20338E+001	1.16581E+001
-3.39366E+002	-6.95334E+002	-4.63881E+002	-2.38044E+001	1.02115E+002	1.11698E+001
-3.52062E+002	-7.20725E+002	-4.93667E+002	-2.61238E+001	1.07120E+002	5.37126E+000
-3.39366E+002	-7.04123E+002	-5.81561E+002	-2.05084E+001	9.75982E+001	5.43229E+000
-3.23740E+002	-6.90939E+002	-6.48457E+002	-2.49031E+001	8.46583E+001	5.24918E+000
-2.91025E+002	-6.88986E+002	-6.66524E+002	-3.35704E+001	7.31223E+001	5.18815E+000
-2.68563E+002	-6.92892E+002	-7.12424E+002	-2.66121E+001	6.05487E+001	3.60118E+000
-2.43171E+002	-6.74337E+002	-7.66137E+002	-1.86773E+001	4.98062E+001	2.31941E+000
-2.11921E+002	-6.62618E+002	-7.86645E+002	-2.50252E+001	4.48622E+001	4.69985E+000
-1.78228E+002	-6.56758E+002	-7.46117E+002	-2.98471E+001	3.36314E+001	4.63881E+000
-1.80670E+002	-6.67013E+002	-7.68090E+002	-1.20243E+001	2.24616E+001	1.09867E+000
-1.51860E+002	-6.32344E+002	-8.34010E+002	2.62459E+000	1.30619E+001	2.50252E+000
-1.45512E+002	-6.19160E+002	-8.23267E+002	-1.11698E+001	9.94903E+000	4.27259E-001
-1.52348E+002	-6.20136E+002	-7.48070E+002	-2.34993E+001	8.97244E+000	2.44148E-001
-1.54790E+002	-5.99139E+002	-7.60765E+002	-1.24516E+001	7.69066E+000	6.71407E-001
-1.38676E+002	-5.60564E+002	-8.13013E+002	-8.91140E+000	7.38548E+000	2.74667E+000
-1.53325E+002	-5.77654E+002	-7.95923E+002	-2.11188E+001	6.53096E+000	1.77007E+000
-1.08890E+002	-5.47868E+002	-7.76879E+002	-2.28889E+001	3.29600E+000	3.84533E+000
-8.83816E+001	-5.13199E+002	-7.97388E+002	-1.88604E+001	4.02844E+000	1.64800E+000
-1.08890E+002	-5.07828E+002	-8.31080E+002	-2.61849E+001	1.24516E+001	-2.38044E+000
-9.52177E+001	-5.09293E+002	-8.32545E+002	-3.30821E+001	1.23295E+001	-2.25837E+000
-8.78933E+001	-5.03922E+002	-7.86157E+002	-3.21055E+001	1.11087E+001	-2.44148E-001
-1.02542E+002	-4.86343E+002	-8.40846E+002	-2.68563E+001	2.11188E+001	-6.10370E-001
-7.42210E+001	-4.51674E+002	-9.26786E+002	-2.89926E+001	3.07016E+001	6.16474E+000
-5.46892E+001	-4.26771E+002	-9.30204E+002	-4.73647E+001	3.34483E+001	1.10477E+001
-6.49434E+001	-4.04309E+002	-9.34599E+002	-4.69985E+001	2.65511E+001	9.46074E+000
-4.78530E+001	-3.53526E+002	-9.69268E+002	-3.55235E+001	2.02033E+001	9.15555E+000
-3.32041E+001	-3.36924E+002	-9.91241E+002	-4.25428E+001	2.47810E+001	1.46489E+001
2.97861E+001	-2.89071E+002	-9.14090E+002	-5.00504E+001	1.72735E+001	1.57476E+001
7.81274E+000	-2.82723E+002	-9.28739E+002	-3.81481E+001	1.55644E+001	1.04373E+001
2.49031E+001	-2.20222E+002	-9.79522E+002	-2.96640E+001	1.47099E+001	9.76592E+000
9.27763E+000	-2.25105E+002	-9.95148E+002	-3.24717E+001	1.24516E+001	8.30103E+000
3.51573E+001	-2.00690E+002	-9.29716E+002	-3.69884E+001	7.20237E+000	7.99585E+000
1.46489E+001	-1.81158E+002	-9.79522E+002	-2.81381E+001	6.28681E+000	5.85955E+000
-4.88296E-001	-1.68950E+002	-9.86847E+002	-2.80770E+001	3.96741E+000	7.38548E+000
3.85754E+001	-1.28422E+002	-9.99054E+002	-2.92367E+001	-7.93481E-001	1.00711E+001
4.44349E+001	-1.26957E+002	-9.39482E+002	-3.31431E+001	-4.33363E+000	7.81274E+000
3.66222E+001	-1.06937E+002	-9.35575E+002	-2.59407E+001	1.77007E+000	6.53096E+000
1.51372E+001	-9.37529E+001	-9.91729E+002	-1.24516E+001	3.66222E-001	2.99081E+000
-1.02542E+001	-1.10843E+002	-9.62920E+002	-9.27763E+000	-1.23295E+001	-1.09867E+000
1.90435E+001	-6.64083E+001	-9.68291E+002	-1.06815E+001	-8.97244E+000	4.08948E+000
2.39265E+001	-4.78530E+001	-9.65361E+002	-1.45268E+001	-1.83111E+000	5.24918E+000
5.81072E+001	-1.75787E+001	-9.56572E+002	-9.94903E+000	6.71407E-001	3.11289E+000
7.81274E+000	-3.51573E+001	-1.00491E+003	-2.99081E+000	4.88296E-001	-2.68563E+000
1.02542E+001	-3.56456E+001	-9.84405E+002	-9.52177E+000	-1.46489E+000	9.76592E-001
2.88095E+001	-1.22074E+001	-9.65361E+002	-1.13529E+001	-3.17392E+000	3.29600E+000
2.68563E+001	-1.46489E+001	-9.44853E+002	-3.05185E+000	-2.80770E+000	2.01422E+000
2.44148E+000	-1.36723E+001	-9.82452E+002	5.06607E+000	-4.15052E+000	2.44148E-001
-6.34785E+000	-1.41606E+001	-9.97101E+002	4.02844E+000	-5.73748E+000	5.49333E-001
1.51372E+001	5.37126E+000	-9.89776E+002	-2.44148E+000	-5.31022E+000	3.29600E+000
-7.81274E+000	-1.36723E+001	-9.62920E+002	-2.50252E+000	-4.63881E+000	1.15970E+000
2.05084E+001	8.78933E+000	-9.94659E+002	4.21155E+000	-3.41807E+000	1.22074E+000
4.88296E-001	-1.07425E+001	-1.00101E+003	1.46489E+000	-1.52593E+000	-1.34281E+000
7.81274E+000	-1.56255E+001	-9.70733E+002	-6.16474E+000	-3.05185E-001	-2.44148E-001
-2.92978E+000	-2.14850E+001	-9.61943E+002	-4.33363E+000	-1.64800E+000	-1.77007E+000
-9.76592E+000	-2.78329E+001	-9.41435E+002	-7.32444E-001	-1.95318E+000	-1.64800E+000
-4.88296E-001	-1.17191E+001	-9.64873E+002	4.21155E+000	-1.70904E+000	-1.03763E+000
4.88296E+000	-9.76592E-001	-1.00150E+003	5.00504E+000	7.32444E-001	-6.71407E-001
1.95318E+000	-6.34785E+000	-9.90753E+002	4.27259E-001	-4.88296E-001	-7.93481E-001
-3.41807E+000	-5.85955E+000	-9.95148E+002	-3.05185E+000	-2.38044E+000	-1.95318E+000
-9.76592E+000	-2.09967E+001	-9.64873E+002	-5.31022E+000	-2.80770E+000	-1.64800E+000
-1.17191E+001	-2.05084E+001	-9.63897E+002	-2.38044E+000	-2.92978E+000	-1.15970E+000
-1.17191E+001	-9.76592E+000	-9.85870E+002	0.00000E+000	-1.15970E+000	-3.66222E-001
-2.29499E+001	-1.12308E+001	-9.95636E+002	-2.44148E-001	-2.07526E+000	-4.27259E-001
-1.46489E+001	-8.78933E+000	-9.84893E+002	-2.62459E+000	-3.29600E+000	3.05185E-001
-1.26957E+001	-1.41606E+001	-9.50713E+002	-4.33363E+000	-2.25837E+000	9.15555E-001
-9.76592E+000	-6.34785E+000	-9.70733E+002	1.89215E+000	-4.27259E-001	-4.27259E-001
-1.41606E+001	-9.27763E+000	-9.85382E+002	3.41807E+000	5.49333E-001	-1.46489E+000
-1.51372E+001	-9.27763E+000	-9.83428E+002	8.54518E-001	-8.54518E-001	-1.28178E+000
-2.00201E+001	-7.32444E+000	-9.82940E+002	-4.88296E-001	-1.58696E+000	-4.27259E-001
-8.30103E+000	2.92978E+000	-9.86847E+002	3.05185E-001	-1.15970E+000	-1.22074E-001
-1.41606E+001	-4.88296E+000	-9.72686E+002	-5.49333E-001	-1.52593E+000	-1.95318E+000
-2.44148E+001	-1.26957E+001	-9.78057E+002	1.40385E+000	-9.76592E-001	-2.13630E+000
-1.22074E+001	-5.37126E+000	-9.74639E+002	1.22074E-001	-6.10370E-002	-4.88296E-001
-8.30103E+000	7.32444E+000	-9.94171E+002	-1.95318E+000	-5.49333E-001	-3.66222E-001
-1.17191E+001	-9.76592E-001	-9.72198E+002	-3.84533E+000	-1.22074E+000	-1.64800E+000
-1.56255E+001	-5.37126E+000	-9.64873E+002	-1.77007E+000	3.05185E-001	-2.44148E+000
-2.88095E+001	-1.41606E+001	-9.69268E+002	7.93481E-001	2.68563E+000	-1.46489E+000
0.00000E+000	4.39467E+000	-9.78057E+002	1.83111E+000	4.63881E+000	1.15970E+000
-1.36723E+001	-7.81274E+000	-9.94659E+002	2.44148E+000	3.90637E+000	0.00000E+000
-2.44148E+000	-2.92978E+000	-9.81475E+002	-1.15970E+000	2.44148E+000	6.71407E-001
2.44148E+000	-9.76592E-001	-9.79522E+002	-2.38044E+000	4.27259E+000	5.49333E-001
-3.90637E+000	-1.02542E+001	-9.75616E+002	4.88296E-001	3.60118E+000	-9.15555E-001
1.66021E+001	4.88296E+000	-9.72686E+002	8.54518E-001	7.56859E+000	7.93481E-001
2.05084E+001	1.12308E+001	-9.98566E+002	-2.13630E+000	1.15970E+001	9.15555E-001
4.00403E+001	5.85955E+000	-9.61455E+002	-3.84533E+000	9.52177E+000	3.66222E-001
4.73647E+001	-8.78933E+000	-9.44853E+002	3.66222E+000	1.30009E+001	1.83111E+000
6.44551E+001	5.37126E+000	-9.96124E+002	1.01321E+001	1.25126E+001	9.15555E-001
3.36924E+001	-1.51372E+001	-1.00394E+003	4.08948E+000	8.17896E+000	-2.56355E+000
2.34382E+001	-2.29499E+001	-9.91241E+002	5.49333E-001	2.86874E+000	-2.44148E+000
4.78530E+001	-1.26957E+001	-9.91241E+002	4.63881E+000	-1.22074E+000	-1.70904E+000
6.29902E+001	-8.78933E+000	-9.76592E+002	2.99081E+000	-9.76592E-001	-2.25837E+000
8.98465E+001	-1.12308E+001	-9.20438E+002	1.51372E+001	-6.95822E+000	-8.42311E+000
5.85955E+001	-6.00604E+001	-9.29228E+002	4.58388E+001	-1.26347E+001	-2.13630E+001
4.05286E+001	-9.42412E+001	-1.02884E+003	6.00604E+001	-5.55437E+000	-2.16071E+001
7.95923E+001	-9.91241E+001	-1.01761E+003	3.89416E+001	-4.69985E+000	-1.58086E+001
2.44148E+001	-1.52837E+002	-9.84893E+002	1.47099E+001	-3.05185E-001	-1.70904E+001
3.36924E+001	-1.60161E+002	-9.48271E+002	-2.13630E+000	1.55034E+001	-7.38548E+000
1.01566E+002	-1.38676E+002	-9.10672E+002	1.02542E+001	2.39265E+001	-4.51674E+000
1.00589E+002	-1.68950E+002	-9.95636E+002	3.33262E+001	3.50352E+001	-1.00711E+001
8.34986E+001	-2.14850E+002	-1.00833E+003	2.58797E+001	3.29600E+001	-9.76592E+000
1.46489E+002	-2.09967E+002	-9.17508E+002	6.71407E-001	3.27158E+001	-1.83111E-001
2.05084E+002	-2.34382E+002	-7.95923E+002	-2.07526E+000	4.80972E+001	4.27259E+000
2.19245E+002	-2.37312E+002	-8.74538E+002	2.95419E+001	5.18204E+001	9.76592E-001
2.32429E+002	-2.51473E+002	-9.40947E+002	4.05896E+001	4.05896E+001	-3.60118E+000
2.69539E+002	-2.66610E+002	-9.39970E+002	2.03253E+001	4.35194E+001	1.52593E+000
3.14463E+002	-2.64657E+002	-9.03836E+002	7.62963E+000	3.33262E+001	5.24918E+000
3.09580E+002	-3.05185E+002	-9.03836E+002	1.54424E+001	2.58797E+001	2.56355E+000
3.72082E+002	-2.71493E+002	-9.17997E+002	1.94098E+001	2.09357E+001	4.94400E+000
3.54015E+002	-3.07138E+002	-8.76003E+002	1.66631E+001	1.06815E+001	-3.05185E+000
3.57433E+002	-3.33995E+002	-8.55495E+002	2.31941E+001	3.60118E+000	-6.22578E+000
3.70617E+002	-3.48155E+002	-8.55007E+002	3.44859E+001	2.80770E+000	-6.16474E+000
3.78918E+002	-3.82824E+002	-8.25220E+002	4.59609E+001	-7.93481E-001	-8.24000E+000
3.67687E+002	-3.94543E+002	-8.55983E+002	5.29801E+001	-1.22074E-001	-9.46074E+000
3.12510E+002	-4.60463E+002	-8.81375E+002	4.84024E+001	-1.15360E+001	-5.24918E+000
3.60851E+002	-4.66323E+002	-7.90063E+002	3.96741E+001	-1.57476E+001	6.46992E+000
3.24229E+002	-4.83413E+002	-8.44752E+002	4.24207E+001	-2.36824E+001	3.47911E+000
2.98837E+002	-5.27360E+002	-7.79809E+002	4.04675E+001	-4.07727E+001	8.54518E-001
2.71493E+002	-5.45427E+002	-7.64672E+002	5.38347E+001	-4.48622E+001	-4.27259E-001
2.36824E+002	-5.67400E+002	-7.54418E+002	6.84225E+001	-5.67034E+001	-3.47911E+000
2.52937E+002	-6.07440E+002	-7.40745E+002	8.56349E+001	-6.80563E+001	-1.17801E+001
2.06061E+002	-6.46992E+002	-7.39280E+002	9.09452E+001	-6.26240E+001	-1.72735E+001
1.51860E+002	-6.98263E+002	-7.42698E+002	8.16065E+001	-7.48314E+001	-1.29398E+001
1.54302E+002	-7.58324E+002	-5.87909E+002	8.37428E+001	-8.69778E+001	-1.32450E+001
1.16703E+002	-8.00317E+002	-5.64959E+002	9.19218E+001	-6.95212E+001	-1.67241E+001
6.39668E+001	-8.34498E+002	-5.27848E+002	8.24000E+001	-5.50554E+001	-1.21464E+001
6.10370E+001	-8.42311E+002	-4.48744E+002	7.13523E+001	-5.57878E+001	-1.33671E+001
7.76391E+001	-8.30103E+002	-4.79019E+002	6.01215E+001	-5.43229E+001	-2.00201E+001
5.56658E+001	-9.07743E+002	-4.23353E+002	4.46181E+001	-4.84634E+001	-2.28278E+001
3.80871E+001	-9.33622E+002	-4.04309E+002	3.47911E+001	-2.88705E+001	-1.58696E+001
5.71306E+001	-9.07743E+002	-3.59874E+002	2.62459E+001	-1.68462E+001	-1.08646E+001
6.54317E+001	-9.05789E+002	-3.53526E+002	1.56865E+001	-1.17801E+001	-1.35502E+001
7.61742E+001	-9.18973E+002	-3.76965E+002	1.17191E+001	-9.64385E+000	-1.49541E+001
9.13114E+001	-9.42412E+002	-3.55480E+002	1.74566E+001	-1.03153E+001	-1.72124E+001
9.76592E+001	-9.43388E+002	-3.54503E+002	3.24107E+001	-9.70489E+000	-1.80059E+001
1.14750E+002	-9.70244E+002	-3.57433E+002	5.12101E+001	-2.05084E+001	-1.58696E+001
9.96124E+001	-9.77081E+002	-3.60851E+002	7.59911E+001	-4.74868E+001	-1.29398E+001
8.49635E+001	-1.00296E+003	-2.63192E+002	9.52788E+001	-8.49025E+001	-9.46074E+000
7.95923E+001	-9.98077E+002	-1.35746E+002	1.04312E+002	-1.02481E+002	-6.28681E+000
6.88498E+001	-9.93194E+002	-1.12308E+001	9.69268E+001	-9.79034E+001	-4.08948E+000
6.59200E+001	-9.64385E+002	6.34785E+000	8.29493E+001	-8.43532E+001	1.52593E+000
6.83615E+001	-9.53642E+002	7.27561E+001	6.01825E+001	-7.95312E+001	2.80770E+000
6.88498E+001	-9.83917E+002	1.28910E+002	3.50963E+001	-6.32344E+001	5.43229E+000
4.49232E+001	-1.00735E+003	1.15238E+002	1.70293E+001	-3.88806E+001	9.52177E+000
5.17594E+001	-9.86847E+002	1.31840E+002	3.05185E-001	-2.55745E+001	1.17801E+001
5.02945E+001	-9.91241E+002	1.19633E+002	-1.20853E+001	-1.37333E+001	1.23905E+001
3.51573E+001	-1.00101E+003	5.07828E+001	-1.47710E+001	-5.92059E+000	1.40996E+001
-1.51372E+001	-1.00784E+003	-3.32041E+001	-1.75176E+001	-4.45570E+000	1.93487E+001
3.41807E+000	-1.00052E+003	3.36924E+001	-1.39164E+001	-2.72835E+001	2.76498E+001
9.76592E+000	-9.91729E+002	1.18168E+002	-3.11289E+000	-3.20444E+001	2.50252E+001
-2.78329E+001	-1.01175E+003	6.39668E+001	2.99081E+000	-1.17801E+001	1.87994E+001
-5.32243E+001	-1.00735E+003	9.76592E-001	7.93481E+000	-4.88296E+000	1.69683E+001
-5.56658E+001	-9.91729E+002	3.32041E+001	1.13529E+001	-1.91656E+001	1.44658E+001
-5.17594E+001	-9.98566E+002	8.93582E+001	1.69073E+001	-2.93588E+001	8.48415E+000
-8.25220E+001	-1.01614E+003	1.02542E+002	2.30720E+001	-2.65511E+001	-1.22074E-001
-9.37529E+001	-1.01077E+003	1.08402E+002	1.81890E+001	-1.78228E+001	8.54518E-001
-9.57060E+001	-9.99054E+002	1.00101E+002	8.85037E+000	-1.14139E+001	7.62963E+000
-9.91241E+001	-1.00296E+003	1.00589E+002	-6.71407E-001	-9.27763E+000	1.51372E+001
-9.76592E+001	-9.88800E+002	1.12796E+002	-4.33363E+000	-8.42311E+000	1.75787E+001
-1.19144E+002	-9.95148E+002	1.08890E+002	-6.71407E+000	-5.31022E+000	1.95318E+001
-1.26469E+002	-9.97589E+002	8.15455E+001	-6.34785E+000	-3.60118E+000	2.36824E+001
-1.42582E+002	-9.90753E+002	1.06937E+002	-3.17392E+000	-6.59200E+000	2.12409E+001
-1.51372E+002	-9.91241E+002	1.14261E+002	-2.92978E+000	-5.12711E+000	1.69073E+001
-1.72369E+002	-9.91729E+002	9.13114E+001	-1.09867E+000	-2.01422E+000	1.30009E+001
-1.75298E+002	-9.79522E+002	7.22678E+001	2.31941E+000	-3.78430E+000	1.14750E+001
-1.90435E+002	-9.86847E+002	1.12796E+002	3.84533E+000	-5.12711E+000	1.22074E+001
-2.09479E+002	-9.84405E+002	1.21586E+002	2.68563E+000	6.77511E+000	1.76397E+001
-2.39265E+002	-9.60967E+002	8.44752E+001	-5.92059E+000	2.03864E+001	2.31330E+001
-2.67586E+002	-9.78545E+002	1.46489E+001	-2.00201E+001	1.56865E+001	2.66732E+001
-2.99326E+002	-9.90753E+002	-7.17795E+001	-2.65511E+001	-6.71407E+000	3.76598E+001
-3.11533E+002	-1.00296E+003	2.88095E+001	-1.50151E+001	-4.25428E+001	4.38246E+001
-3.26182E+002	-9.28251E+002	9.71709E+001	3.60118E+000	-4.73647E+001	4.86465E+001
-3.26670E+002	-9.56572E+002	1.51860E+002	6.40889E+000	-3.15561E+001	4.05896E+001
-3.58409E+002	-9.07743E+002	1.23539E+002	2.74667E+000	-7.32444E+000	3.13120E+001
-4.00891E+002	-9.02860E+002	7.27561E+001	-1.46489E+000	3.05185E-001	2.40486E+001
-4.28724E+002	-9.24833E+002	-1.36723E+001	9.76592E-001	-1.07425E+001	2.01422E+001
-4.34095E+002	-9.28251E+002	1.11332E+002	8.05689E+000	-3.93689E+001	2.39265E+001
-4.88296E+002	-9.28251E+002	7.51976E+001	7.99585E+000	-3.89416E+001	3.60729E+001
-4.94644E+002	-8.98953E+002	2.25105E+002	7.93481E+000	-5.46892E+001	4.37635E+001
-5.11734E+002	-9.02371E+002	3.30576E+002	1.81890E+001	-3.16172E+001	4.44960E+001
-5.03433E+002	-8.24732E+002	2.14850E+002	2.40486E+001	1.73956E+001	4.33973E+001
-5.90838E+002	-8.18873E+002	1.95318E+002	2.39875E+001	3.82702E+001	4.93179E+001
-6.16230E+002	-8.25220E+002	1.99713E+002	3.35704E+001	5.35905E+001	5.77410E+001
-6.79220E+002	-7.30491E+002	1.46977E+002	5.36515E+001	6.94601E+001	5.04166E+001
-7.15354E+002	-6.65548E+002	6.73849E+001	3.68664E+001	5.38347E+001	5.65203E+001
-6.76290E+002	-6.49434E+002	8.49635E+001	7.99585E+000	2.31330E+001	6.58589E+001
-6.72384E+002	-6.61153E+002	1.52348E+002	-1.22684E+001	-1.20243E+001	4.60219E+001
-7.38304E+002	-6.70431E+002	2.11432E+002	-4.63881E+000	-1.91046E+001	2.97861E+001
-7.84692E+002	-6.92892E+002	2.47566E+002	4.88296E-001	-5.55437E+000	3.80871E+001
-7.96411E+002	-6.33320E+002	1.99713E+002	1.94098E+001	1.61138E+001	4.00403E+001
-8.23756E+002	-5.15641E+002	1.10843E+002	2.99692E+001	2.44758E+001	3.75378E+001
-8.39869E+002	-5.10758E+002	1.43071E+002	7.62963E+000	1.12308E+001	4.59609E+001
-8.87234E+002	-4.83901E+002	1.53325E+002	1.33061E+001	3.72326E+000	5.21256E+001
-8.91140E+002	-4.24329E+002	1.04007E+002	3.55846E+001	2.93588E+001	7.40379E+001
-9.28739E+002	-3.56944E+002	7.27561E+001	3.60118E+001	3.45470E+001	5.74969E+001
-9.26786E+002	-3.19346E+002	6.59200E+001	1.43437E+001	2.00201E+001	4.17493E+001
-9.49736E+002	-3.53526E+002	1.28422E+002	1.64800E+000	-2.13630E+000	1.95318E+001
-9.72686E+002	-3.33506E+002	1.42582E+002	-1.22074E+000	4.21155E+000	1.56255E+001
-9.78057E+002	-2.62215E+002	4.98062E+001	6.65304E+000	7.08029E+000	7.81274E+000
-9.46318E+002	-3.43760E+002	1.24027E+002	-1.16581E+001	-1.12918E+001	-1.20853E+001
-9.48271E+002	-4.08216E+002	1.87017E+002	-2.09967E+001	-1.80059E+001	-2.25227E+001
-9.31669E+002	-3.99915E+002	1.78716E+002	-1.40385E+000	-5.24918E+000	-1.55034E+001
-9.22391E+002	-3.53526E+002	8.74050E+001	1.39164E+001	2.13630E+000	-1.83111E+001
-9.11649E+002	-3.44249E+002	6.49434E+001	1.07425E+001	-1.38554E+001	-3.94299E+001
-9.00906E+002	-4.75112E+002	2.31452E+002	-2.38044E+000	-3.47301E+001	-5.12711E+001
-9.12626E+002	-4.94156E+002	2.41218E+002	3.72326E+000	-1.92267E+001	-3.22275E+001
-9.05789E+002	-4.60463E+002	1.91412E+002	1.64190E+001	-6.28681E+000	-2.02033E+001
-9.00906E+002	-4.64370E+002	2.00690E+002	3.03964E+001	-3.35704E+000	-2.14240E+001
-8.30592E+002	-4.83413E+002	2.05573E+002	4.35804E+001	-9.76592E+000	-1.99591E+001
-8.15455E+002	-5.18082E+002	2.64168E+002	3.06406E+001	-4.51674E+000	-1.94708E+001
-8.07154E+002	-5.20035E+002	2.77352E+002	3.60118E+001	5.61541E+000	-2.00201E+001
-8.01294E+002	-5.12711E+002	2.15827E+002	4.07727E+001	9.03348E+000	-2.48421E+001
-7.58812E+002	-5.48357E+002	2.72469E+002	1.73956E+001	5.00504E+000	-1.71514E+001
-8.69655E+002	-5.56169E+002	2.84188E+002	6.83615E+000	2.29499E+001	4.94400E+000
-8.81863E+002	-5.41520E+002	2.71493E+002	1.34892E+001	3.49132E+001	2.16071E+001
-8.47194E+002	-5.40056E+002	2.20710E+002	2.11188E+001	4.86465E+001	3.79650E+001
-8.85281E+002	-4.51186E+002	1.49907E+002	3.06406E+001	8.09351E+001	7.15354E+001
-9.81475E+002	-2.54402E+002	-2.39265E+001	5.15152E+001	1.05106E+002	7.82495E+001
-1.01321E+003	-2.51961E+002	-2.00201E+001	5.09049E+001	7.66625E+001	4.43739E+001
-9.94171E+002	-2.56355E+002	-6.59200E+001	4.45570E+001	5.05997E+001	2.67953E+001
-9.25810E+002	-2.25593E+002	-6.44551E+001	2.69784E+001	2.45369E+001	2.31330E+001
-9.62920E+002	-2.69051E+002	-2.05084E+001	7.87378E+000	2.91757E+001	2.80160E+001
-9.17020E+002	-3.47667E+002	6.98263E+001	5.73748E+000	5.68865E+001	4.88296E+001
-9.81964E+002	-1.62114E+002	-1.24516E+002	3.48521E+001	1.07181E+002	7.80663E+001
-1.10453E+003	-5.56658E+001	-1.88971E+002	3.38145E+001	9.38749E+001	7.21458E+001
-1.08548E+003	-5.76189E+001	-1.85064E+002	1.83111E-001	2.47810E+001	3.71105E+001
-9.55596E+002	-1.07913E+002	-1.63579E+002	-1.60527E+001	1.40996E+001	4.54726E+001
-8.88699E+002	9.27763E+000	-2.96884E+002	-1.72735E+001	5.57268E+001	7.77612E+001
-8.58425E+002	9.52177E+001	-3.56944E+002	-4.43739E+001	6.36006E+001	7.40379E+001
-8.55495E+002	1.89459E+002	-4.05286E+002	-6.06098E+001	5.76189E+001	4.94400E+001
-9.04813E+002	2.29499E+002	-4.10657E+002	-7.83715E+001	4.96841E+001	3.69274E+001
-9.16044E+002	2.95907E+002	-3.86242E+002	-1.11576E+002	4.38246E+001	4.38856E+001
-9.28739E+002	2.11921E+002	-3.38389E+002	-8.28883E+001	5.18204E+001	4.49843E+001
-8.20338E+002	2.84677E+002	-3.74035E+002	-6.30512E+001	6.07929E+001	8.70388E+001
-7.79809E+002	4.70717E+002	-4.21400E+002	-6.22578E+001	4.84024E+001	1.05655E+002
-7.99829E+002	4.09680E+002	-3.62316E+002	-6.18305E+001	3.98572E+001	1.02847E+002
-6.72872E+002	4.49721E+002	-4.04798E+002	-4.96841E+001	3.73547E+001	1.48808E+002
-5.07828E+002	7.45628E+002	-4.00891E+002	-5.48723E+001	1.60527E+001	1.75787E+002
-4.47279E+002	8.32545E+002	-3.83801E+002	-6.96432E+001	1.27567E+001	1.30863E+002
-4.13587E+002	8.75027E+002	-2.89560E+002	-8.11182E+001	1.42827E+001	1.04556E+002
-3.76476E+002	9.89288E+002	-2.46101E+002	-6.30512E+001	3.47911E+000	8.83816E+001
-3.32530E+002	9.94659E+002	-2.21198E+002	-7.62963E+001	5.06607E+000	6.48824E+001
-2.87118E+002	9.36552E+002	-1.40629E+002	-9.28983E+001	2.44148E+000	4.98672E+001
-1.96295E+002	9.69756E+002	-1.03030E+002	-7.43431E+001	-1.78228E+001	4.10779E+001
-2.00690E+002	9.33134E+002	-9.03348E+001	-4.87075E+001	-2.72225E+001	3.84533E+001
-1.14750E+002	9.65361E+002	-3.66222E+001	-3.24717E+001	-4.17493E+001	5.27360E+001
-8.78933E+001	1.02200E+003	2.73446E+001	-1.51982E+001	-4.45570E+001	5.48723E+001
-9.42412E+001	9.88800E+002	3.85754E+001	-2.11188E+001	-2.63680E+001	3.92468E+001
-2.68563E+001	1.01614E+003	1.80670E+001	-1.33671E+001	-2.42317E+001	3.69274E+001
-1.90435E+001	1.00198E+003	4.98062E+001	-1.40385E+001	-2.07526E+001	3.71715E+001
-3.61339E+001	9.68780E+002	3.32041E+001	-1.12308E+001	-1.25126E+001	3.03964E+001
-4.39467E+000	9.69756E+002	4.98062E+001	-9.03348E+000	-2.06305E+001	3.50963E+001
3.56456E+001	9.68780E+002	5.66424E+001	-9.64385E+000	-2.00812E+001	3.20444E+001
6.39668E+001	9.70733E+002	5.95721E+001	-8.54518E+000	-1.04373E+001	1.59307E+001
5.32243E+001	9.59014E+002	4.10169E+001	-4.15052E+000	-9.88800E+000	6.22578E+000
1.00101E+002	9.72198E+002	4.10169E+001	-3.66222E+000	-1.23905E+001	1.15970E+000
1.14261E+002	9.81964E+002	4.10169E+001	-3.11289E+000	-6.22578E+000	-8.54518E-001
8.93582E+001	9.90753E+002	5.22477E+001	4.88296E-001	-4.08948E+000	3.54015E+000
8.49635E+001	9.81964E+002	4.54115E+001	-1.89215E+000	-2.01422E+000	1.89215E+000
9.66826E+001	9.76104E+002	4.73647E+001	-1.77007E+000	-6.71407E-001	-1.95318E+000
7.76391E+001	9.76592E+002	3.56456E+001	5.49333E-001	2.56355E+000	-3.41807E+000
7.66625E+001	9.85870E+002	8.20338E+001	-7.32444E-001	-4.27259E-001	1.28178E+000
5.95721E+001	9.71221E+002	9.52177E+001	-2.50252E+000	-1.03763E+000	1.28178E+000
6.64083E+001	9.56084E+002	7.22678E+001	-1.22074E+000	-9.15555E-001	8.54518E-001
7.86157E+001	9.58037E+002	7.56859E+001	7.32444E-001	-5.06607E+000	2.38044E+000
8.93582E+001	9.59014E+002	5.95721E+001	4.33363E+000	-5.37126E+000	4.27259E-001
9.71709E+001	9.80987E+002	8.34986E+001	6.89718E+000	-5.18815E+000	2.44148E-001
9.08231E+001	9.92218E+002	8.93582E+001	5.43229E+000	-2.38044E+000	-1.58696E+000
7.51976E+001	9.92706E+002	8.10572E+001	2.86874E+000	3.66222E-001	-3.54015E+000
6.20136E+001	9.63897E+002	4.73647E+001	6.71407E-001	-9.76592E-001	-1.52593E+000
7.95923E+001	9.79522E+002	5.32243E+001	4.15052E+000	-2.44148E+000	1.22074E+000
8.34986E+001	9.80499E+002	6.64083E+001	3.96741E+000	3.60118E+000	-3.41807E+000
8.49635E+001	9.77569E+002	5.37126E+001	1.77007E+000	4.02844E+000	-5.00504E+000
8.15455E+001	9.87823E+002	7.12912E+001	4.88296E-001	-3.05185E-001	0.00000E+000
7.91040E+001	9.75127E+002	5.71306E+001	-3.66222E-001	1.83111E-001	7.32444E-001
7.12912E+001	9.54619E+002	3.75988E+001	-1.22074E-001	1.89215E+000	-7.32444E-001
7.32444E+001	9.57549E+002	3.12510E+001	1.70904E+000	-9.15555E-001	1.22074E-001
8.10572E+001	9.74639E+002	5.32243E+001	2.86874E+000	-6.10370E-001	-2.74667E+000
7.81274E+001	9.84893E+002	5.22477E+001	5.55437E+000	2.62459E+000	-5.92059E+000
7.91040E+001	1.01273E+003	6.73849E+001	6.22578E+000	4.82192E+000	-9.09452E+000
4.24818E+001	9.94171E+002	5.02945E+001	1.95318E+000	6.16474E+000	-8.97244E+000
3.32041E+001	9.60479E+002	3.85754E+001	-2.44148E+000	1.22074E+000	-2.44148E+000
3.56456E+001	9.59502E+002	5.27360E+001	1.83111E-001	-7.01926E+000	5.67644E+000
5.90838E+001	9.71221E+002	4.44349E+001	1.89215E+000	-6.34785E+000	2.80770E+000
5.90838E+001	9.66826E+002	1.41606E+001	3.47911E+000	-3.35704E+000	-1.70904E+000
6.88498E+001	9.78057E+002	7.81274E+000	6.40889E+000	-6.28681E+000	1.64800E+000
8.44752E+001	1.00491E+003	2.53914E+001	6.28681E+000	-7.56859E+000	4.27259E+000
8.64284E+001	1.00247E+003	3.85754E+001	1.15970E+000	-3.47911E+000	2.80770E+000
6.78732E+001	9.84893E+002	3.71105E+001	4.27259E-001	-1.52593E+000	2.68563E+000
6.68966E+001	9.70733E+002	4.39467E+001	0.00000E+000	-3.23496E+000	3.78430E+000
7.27561E+001	9.70244E+002	4.05286E+001	6.10370E-002	-1.58696E+000	2.31941E+000
7.12912E+001	9.65361E+002	4.15052E+001	1.28178E+000	-1.52593E+000	2.01422E+000
8.20338E+001	9.73663E+002	2.53914E+001	2.44148E+000	-2.74667E+000	1.40385E+000
8.88699E+001	9.73174E+002	3.41807E+000	4.88296E-001	-1.83111E+000	2.44148E-001
9.37529E+001	9.69756E+002	-3.41807E+000	-1.22074E-001	-2.62459E+000	2.31941E+000
9.57060E+001	9.80010E+002	1.17191E+001	2.74667E+000	-3.35704E+000	3.78430E+000
9.08231E+001	9.74151E+002	2.92978E+000	4.82192E+000	-8.54518E-001	1.83111E+000
9.52177E+001	9.80499E+002	6.34785E+000	4.33363E+000	1.83111E-001	9.15555E-001
8.49635E+001	9.81964E+002	2.53914E+001	9.76592E-001	1.95318E+000	-6.10370E-001
8.00806E+001	9.75127E+002	3.07627E+001	1.03763E+000	3.23496E+000	-2.19733E+000
8.54518E+001	9.81964E+002	3.51573E+001	2.74667E+000	4.63881E+000	-3.54015E+000
8.34986E+001	9.77081E+002	2.14850E+001	3.41807E+000	5.24918E+000	-3.11289E+000
7.27561E+001	9.83428E+002	3.07627E+001	1.95318E+000	4.21155E+000	-2.38044E+000
8.20338E+001	9.74639E+002	5.37126E+000	1.77007E+000	3.11289E+000	-2.68563E+000
9.32646E+001	9.80499E+002	-1.95318E+000	3.47911E+000	2.07526E+000	-2.19733E+000
8.59401E+001	9.80987E+002	-9.76592E-001	3.60118E+000	3.11289E+000	-2.25837E+000
7.47093E+001	9.81475E+002	7.81274E+000	1.70904E+000	4.02844E+000	-2.31941E+000
6.44551E+001	9.78545E+002	1.31840E+001	2.44148E-001	2.74667E+000	-7.93481E-001
6.29902E+001	9.80499E+002	1.85553E+001	3.05185E-001	1.40385E+000	4.27259E-001
7.03146E+001	9.79522E+002	1.36723E+001	5.49333E-001	1.28178E+000	-3.66222E-001
6.88498E+001	9.74639E+002	5.85955E+000	9.76592E-001	1.64800E+000	-4.88296E-001
7.56859E+001	9.77569E+002	5.85955E+000	1.95318E+000	1.22074E-001	8.54518E-001
7.51976E+001	9.73174E+002	1.46489E+000	1.40385E+000	-1.83111E-001	3.66222E-001
7.61742E+001	9.77569E+002	6.83615E+000	7.93481E-001	-1.22074E-001	3.05185E-001
8.15455E+001	9.74639E+002	-2.92978E+000	1.34281E+000	8.54518E-001	-1.09867E+000
8.69167E+001	9.85870E+002	8.78933E+000	2.38044E+000	-5.49333E-001	1.28178E+000
8.15455E+001	9.80010E+002	1.07425E+001	1.40385E+000	0.00000E+000	1.58696E+000
6.68966E+001	9.66826E+002	1.07425E+001	5.49333E-001	1.15970E+000	-2.44148E-001
7.86157E+001	9.75616E+002	-2.92978E+000	2.31941E+000	1.15970E+000	-1.95318E+000
7.95923E+001	9.81475E+002	-4.39467E+000	2.31941E+000	6.71407E-001	-5.49333E-001
7.61742E+001	9.84405E+002	4.39467E+000	6.71407E-001	9.15555E-001	-3.05185E-001
7.47093E+001	9.70244E+002	-9.76592E-001	0.00000E+000	6.71407E-001	-7.93481E-001
8.10572E+001	9.76592E+002	-4.39467E+000	1.70904E+000	-3.66222E-001	7.93481E-001
7.86157E+001	9.73663E+002	-5.37126E+000	1.95318E+000	-1.28178E+000	1.52593E+000
7.95923E+001	9.76104E+002	-5.85955E+000	1.46489E+000	-2.44148E-001	1.83111E-001
7.95923E+001	9.83917E+002	1.95318E+000	2.19733E+000	-1.22074E+000	1.03763E+000
8.64284E+001	9.83428E+002	-5.85955E+000	2.07526E+000	-2.19733E+000	1.70904E+000
8.98465E+001	9.75127E+002	-1.36723E+001	9.76592E-001	-1.22074E+000	1.22074E+000
8.64284E+001	9.70733E+002	-1.22074E+001	4.27259E-001	0.00000E+000	1.83111E-001
9.08231E+001	9.79034E+002	-6.34785E+000	1.40385E+000	2.44148E-001	-1.22074E-001
8.20338E+001	9.78057E+002	-5.37126E+000	6.71407E-001	1.58696E+000	-1.22074E+000
8.05689E+001	9.79522E+002	-3.41807E+000	5.49333E-001	5.49333E-001	-1.22074E-001
8.25220E+001	9.78545E+002	-2.92978E+000	1.09867E+000	-7.93481E-001	1.09867E+000
8.69167E+001	9.73663E+002	-1.36723E+001	8.54518E-001	-1.83111E-001	3.05185E-001
8.30103E+001	9.77081E+002	-5.85955E+000	4.88296E-001	-1.83111E-001	1.83111E-001
8.15455E+001	9.71709E+002	-1.26957E+001	1.70904E+000	-7.93481E-001	-6.10370E-002
9.37529E+001	9.81475E+002	-1.12308E+001	2.92978E+000	-1.52593E+000	7.93481E-001
9.27763E+001	9.75616E+002	-1.46489E+001	1.09867E+000	-1.22074E-001	2.44148E-001
9.27763E+001	9.79522E+002	-1.61138E+001	1.03763E+000	4.88296E-001	-2.44148E-001
8.59401E+001	9.75127E+002	-1.22074E+001	6.71407E-001	7.93481E-001	-1.83111E-001
9.22880E+001	9.78057E+002	-1.17191E+001	6.71407E-001	1.83111E-001	3.66222E-001
8.74050E+001	9.75127E+002	-1.26957E+001	7.93481E-001	3.66222E-001	-6.10370E-002
8.59401E+001	9.81475E+002	-1.17191E+001	1.34281E+000	4.88296E-001	0.00000E+000
8.30103E+001	9.78545E+002	-1.36723E+001	4.88296E-001	3.05185E-001	-2.44148E-001
9.22880E+001	9.73174E+002	-1.80670E+001	0.00000E+000	-4.88296E-001	1.83111E-001
9.42412E+001	9.72686E+002	-1.66021E+001	6.10370E-002	-6.10370E-002	4.27259E-001
8.74050E+001	9.72198E+002	-1.70904E+001	3.66222E-001	3.05185E-001	-1.22074E-001
8.98465E+001	9.79034E+002	-1.26957E+001	7.32444E-001	-1.03763E+000	7.93481E-001
9.81475E+001	9.79034E+002	-1.36723E+001	1.03763E+000	-9.15555E-001	5.49333E-001
9.66826E+001	9.76592E+002	-1.46489E+001	1.40385E+000	-7.32444E-001	6.10370E-001
9.52177E+001	9.79522E+002	-1.56255E+001	1.34281E+000	1.83111E-001	6.10370E-002
8.74050E+001	9.64385E+002	-2.73446E+001	1.22074E-001	6.71407E-001	-9.76592E-001
9.47295E+001	9.79522E+002	-1.26957E+001	6.10370E-001	-9.76592E-001	1.83111E-001
9.81475E+001	9.78545E+002	-1.02542E+001	1.34281E+000	-7.32444E-001	3.66222E-001
9.57060E+001	9.76592E+002	-1.80670E+001	1.28178E+000	7.32444E-001	-4.88296E-001
9.03348E+001	9.72686E+002	-1.95318E+001	7.93481E-001	6.71407E-001	-4.27259E-001
9.08231E+001	9.77569E+002	-1.61138E+001	7.32444E-001	-6.10370E-001	3.66222E-001
9.71709E+001	9.74639E+002	-2.24616E+001	6.10370E-001	-4.27259E-001	-3.66222E-001
9.86358E+001	9.75616E+002	-2.00201E+001	7.93481E-001	-1.22074E-001	-1.83111E-001
9.66826E+001	9.76592E+002	-1.75787E+001	1.09867E+000	6.10370E-002	-2.44148E-001
9.52177E+001	9.74151E+002	-2.29499E+001	9.15555E-001	5.49333E-001	-6.10370E-001
9.08231E+001	9.77569E+002	-1.70904E+001	3.05185E-001	5.49333E-001	-6.71407E-001
9.17997E+001	9.77081E+002	-1.61138E+001	2.44148E-001	-4.27259E-001	-1.83111E-001
9.37529E+001	9.77569E+002	-1.80670E+001	3.66222E-001	-3.05185E-001	-6.71407E-001
9.17997E+001	9.81475E+002	-8.78933E+000	-1.83111E-001	1.09867E+000	-3.17392E+000
9.22880E+001	9.73174E+002	-2.24616E+001	3.05185E-001	3.41807E+000	-5.61541E+000
1.00589E+002	9.95148E+002	5.85955E+000	1.64800E+000	3.90637E+000	-8.78933E+000
1.19144E+002	1.06253E+003	4.24818E+001	1.95318E+000	1.33061E+001	-2.70394E+001
-1.51372E+001	9.82940E+002	-1.02542E+001	-5.85955E+000	3.91247E+001	-6.78121E+001
-6.73849E+001	9.10672E+002	-7.27561E+001	-5.92059E+000	3.80871E+001	-7.45262E+001
-5.81072E+001	9.83428E+002	-3.17392E+001	-2.38044E+000	2.16681E+001	-5.56047E+001
-4.98062E+001	1.03958E+003	1.17191E+001	-9.76592E-001	2.66121E+001	-6.38447E+001
-1.67486E+002	9.65361E+002	-2.68563E+001	-2.74667E+000	4.73647E+001	-9.29594E+001
-2.93466E+002	8.66237E+002	-6.78732E+001	-5.49333E+000	3.84533E+001	-8.07520E+001
-2.94443E+002	9.87823E+002	5.37126E+000	2.62459E+000	1.42827E+001	-5.31632E+001
-3.53038E+002	9.73174E+002	7.81274E+000	3.78430E+000	1.22684E+001	-5.79241E+001
-4.53627E+002	8.35963E+002	-2.44148E+001	4.63881E+000	1.40996E+001	-6.66524E+001
-4.49232E+002	8.20338E+002	-6.25019E+001	1.13529E+001	7.99585E+000	-4.29701E+001
-4.38490E+002	8.72097E+002	-5.32243E+001	1.93487E+001	1.95318E+000	-2.27058E+001
-4.24818E+002	8.99442E+002	-7.86157E+001	2.58797E+001	3.17392E+000	-2.50862E+001
-4.77554E+002	8.76980E+002	-8.25220E+001	2.09357E+001	6.83615E+000	-3.29600E+001
-5.08805E+002	9.08719E+002	-9.27763E+001	1.97760E+001	5.24918E+000	-3.77819E+001
-5.22965E+002	9.63897E+002	-9.03348E+001	2.16071E+001	2.62459E+000	-6.05487E+001
-5.96698E+002	8.66726E+002	-1.46489E+002	2.40486E+001	4.33363E+000	-1.13285E+002
-7.31956E+002	6.21601E+002	-1.44047E+002	2.31330E+001	-1.46489E+000	-1.47221E+002
-7.66625E+002	5.92303E+002	-1.81646E+002	3.17392E+001	-1.15360E+001	-1.30924E+002
-8.24244E+002	5.99139E+002	-2.15339E+002	4.19324E+001	-2.91757E+001	-1.31535E+002
-8.47194E+002	3.39366E+002	-1.15726E+002	1.00711E+001	-4.31532E+001	-1.41301E+002
-8.72585E+002	3.29112E+002	-1.05960E+002	1.09867E+000	-3.42418E+001	-1.12918E+002
-9.29228E+002	3.28135E+002	-1.45024E+002	1.84942E+001	-2.97250E+001	-9.66216E+001
-9.39482E+002	2.57332E+002	-1.07913E+002	1.50761E+001	-3.06406E+001	-8.66115E+001
-9.46318E+002	2.23640E+002	-6.93381E+001	2.28278E+001	-4.26649E+001	-8.33766E+001
-9.84405E+002	1.54790E+002	-7.37327E+001	1.87994E+001	-4.79141E+001	-9.11283E+001
-9.85382E+002	6.88498E+001	-5.17594E+001	-1.70904E+000	-4.64492E+001	-1.01321E+002
-9.93683E+002	-1.80670E+001	-8.78933E+000	-6.04266E+000	-4.69375E+001	-1.09134E+002
-9.79522E+002	-1.48930E+002	8.30103E+001	-9.58281E+000	-5.20646E+001	-1.18961E+002
-9.34111E+002	-2.84677E+002	1.53325E+002	-7.69066E+000	-5.47502E+001	-1.21830E+002
-9.35087E+002	-4.16028E+002	2.27058E+002	2.26447E+001	-6.57979E+001	-1.33915E+002
-8.76003E+002	-4.90738E+002	2.76376E+002	6.10370E+001	-7.97143E+001	-1.39409E+002
-7.97388E+002	-5.76189E+002	3.68664E+002	8.78933E+001	-9.32035E+001	-1.34159E+002
-7.27561E+002	-6.03046E+002	5.60564E+002	9.50346E+001	-8.37428E+001	-1.10111E+002
-7.02658E+002	-6.06952E+002	5.14176E+002	9.32035E+001	-3.15561E+001	-6.66524E+001
-7.29026E+002	-5.08805E+002	4.29212E+002	9.85748E+001	-1.00711E+001	-4.57778E+001
-7.05100E+002	-4.83413E+002	4.26771E+002	7.85546E+001	-3.28990E+001	-3.78430E+001
-6.67013E+002	-5.26872E+002	5.88397E+002	5.95721E+001	-6.54927E+001	-3.02744E+001
-5.99139E+002	-4.91226E+002	5.97186E+002	5.99384E+001	-7.89819E+001	-2.68563E+001
-5.16617E+002	-4.65346E+002	6.55293E+002	5.74358E+001	-9.76592E+001	-2.31330E+001
-4.25306E+002	-4.55580E+002	8.17896E+002	4.48622E+001	-1.04190E+002	-1.96539E+001
-3.98938E+002	-4.35072E+002	8.71120E+002	4.07117E+001	-7.86157E+001	-1.67852E+001
-3.49132E+002	-4.04798E+002	9.03836E+002	4.27259E+001	-6.58589E+001	-1.18412E+001
-2.92978E+002	-4.05286E+002	9.52666E+002	4.05896E+001	-5.16373E+001	-7.08029E+000
-2.74422E+002	-3.45225E+002	9.25810E+002	4.08948E+001	-3.40587E+001	-4.45570E+000
-2.45613E+002	-3.07138E+002	9.44365E+002	3.68053E+001	-3.08847E+001	-6.83615E+000
-2.43660E+002	-3.05673E+002	9.39482E+002	2.85043E+001	-1.94708E+001	-9.27763E+000
-2.71004E+002	-3.23252E+002	9.17508E+002	2.34993E+001	-1.37944E+001	-4.94400E+000
-2.43660E+002	-2.73934E+002	9.33134E+002	2.06915E+001	-2.75277E+001	7.32444E-001
-1.86041E+002	-2.69051E+002	1.01077E+003	1.20243E+001	-2.71615E+001	3.60118E+000
-1.79693E+002	-2.86630E+002	9.97101E+002	1.16581E+001	-9.58281E+000	5.18815E+000
-1.67974E+002	-2.43660E+002	9.91241E+002	1.63579E+001	-1.15970E+001	6.04266E+000
-1.48442E+002	-2.50008E+002	9.95148E+002	1.64800E+001	-1.08646E+001	3.66222E+000
-1.63091E+002	-2.49519E+002	9.91729E+002	2.24616E+001	-1.21464E+001	-3.29600E+000
-1.55766E+002	-2.15339E+002	9.46318E+002	2.89315E+001	-2.11798E+001	-5.85955E+000
-1.30863E+002	-1.89947E+002	9.89776E+002	2.27668E+001	-2.31330E+001	-5.00504E+000
-1.77740E+002	-2.12409E+002	9.91729E+002	1.97150E+001	-1.33061E+001	-3.96741E+000
-1.49907E+002	-1.55278E+002	9.83917E+002	2.81381E+001	-2.59407E+001	-8.54518E-001
-1.03519E+002	-1.30863E+002	1.00247E+003	2.09357E+001	-3.35093E+001	2.31941E+000
-4.88296E+001	-1.12796E+002	1.02542E+003	1.19022E+001	-2.42927E+001	2.92978E+000
-6.88498E+001	-1.38676E+002	9.97101E+002	4.63881E+000	-5.31022E+000	1.70904E+000
-6.05487E+001	-1.47465E+002	1.01859E+003	2.44148E+000	-5.06607E+000	3.90637E+000
-3.22275E+001	-1.17679E+002	1.02396E+003	6.10370E+000	-8.48415E+000	3.54015E+000
-3.27158E+001	-1.06449E+002	1.03665E+003	6.89718E+000	-6.83615E+000	-4.27259E-001
-4.58998E+001	-1.20121E+002	1.01566E+003	7.62963E+000	-5.24918E+000	-1.09867E+000
-3.51573E+001	-1.08890E+002	1.02200E+003	8.11792E+000	-7.01926E+000	-1.58696E+000
-6.05487E+001	-1.09378E+002	9.88311E+002	6.83615E+000	-2.19733E+000	-1.58696E+000
-5.76189E+001	-1.08402E+002	1.01468E+003	3.29600E+000	-5.79852E+000	9.76592E-001
-4.58998E+001	-1.16214E+002	1.03568E+003	3.66222E+000	-7.93481E+000	9.76592E-001
-4.10169E+001	-1.04984E+002	1.02249E+003	8.66726E+000	-1.06815E+001	-3.66222E-001
-2.53914E+001	-9.66826E+001	1.02200E+003	1.12308E+001	-1.70904E+001	-1.83111E+000
1.26957E+001	-7.61742E+001	1.04398E+003	1.58696E+001	-1.95929E+001	-4.88296E+000
1.85553E+001	-4.29701E+001	1.00980E+003	1.83721E+001	-1.03763E+001	-7.81274E+000
5.85955E+000	-4.19935E+001	9.83428E+002	8.66726E+000	-1.03763E+000	-5.43229E+000
1.31840E+001	-3.56456E+001	1.00052E+003	9.15555E-001	-6.71407E-001	-3.11289E+000
1.95318E+001	-3.71105E+001	1.00150E+003	-3.72326E+000	2.86874E+000	-3.90637E+000
-3.41807E+000	-6.54317E+001	1.00540E+003	-8.66726E+000	8.42311E+000	-1.83111E+000
-2.09967E+001	-6.59200E+001	1.02347E+003	-8.60622E+000	5.37126E+000	4.88296E-001
-9.76592E+000	-6.83615E+001	1.04007E+003	-6.46992E+000	1.34281E+000	8.54518E-001
-5.37126E+000	-7.71508E+001	1.03714E+003	-3.72326E+000	3.66222E-001	-7.93481E-001
-4.88296E+000	-8.00806E+001	1.03861E+003	-1.22074E+000	3.66222E-001	-1.28178E+000
-4.39467E+000	-8.44752E+001	1.02542E+003	-5.49333E-001	2.92978E+000	-5.49333E-001
-1.31840E+001	-9.66826E+001	1.01712E+003	-1.52593E+000	4.51674E+000	-4.88296E-001
-2.05084E+001	-9.57060E+001	1.01468E+003	-9.15555E-001	1.46489E+000	1.22074E-001
-1.26957E+001	-8.78933E+001	1.03079E+003	9.76592E-001	-9.15555E-001	-1.22074E-001
-2.14850E+001	-7.91040E+001	1.02298E+003	2.86874E+000	1.83111E-001	-1.46489E+000
-2.92978E+001	-8.05689E+001	1.01663E+003	2.74667E+000	-1.22074E-001	-6.71407E-001
-1.66021E+001	-8.05689E+001	1.02445E+003	2.56355E+000	-4.88296E-001	-2.44148E-001
-2.53914E+001	-7.08029E+001	1.01126E+003	2.74667E+000	7.32444E-001	-6.71407E-001
-2.29499E+001	-7.08029E+001	1.01273E+003	1.15970E+000	6.10370E-002	3.66222E-001
-1.41606E+001	-6.93381E+001	1.01517E+003	6.10370E-002	-4.88296E-001	7.32444E-001
-2.00201E+001	-7.32444E+001	1.02005E+003	-9.15555E-001	1.95318E+000	-1.83111E-001
-2.39265E+001	-7.86157E+001	1.01663E+003	-1.15970E+000	2.80770E+000	3.66222E-001
-2.24616E+001	-7.76391E+001	1.02738E+003	-6.71407E-001	1.89215E+000	9.15555E-001
-2.78329E+001	-7.51976E+001	1.01321E+003	5.49333E-001	1.28178E+000	5.49333E-001
-1.70904E+001	-7.71508E+001	1.02249E+003	-1.22074E-001	1.22074E-001	0.00000E+000
-2.97861E+001	-8.25220E+001	1.01663E+003	1.83111E-001	2.07526E+000	-1.15970E+000
-3.61339E+001	-8.00806E+001	1.01712E+003	7.32444E-001	7.32444E-001	-1.58696E+000
-3.95520E+001	-7.27561E+001	1.02005E+003	1.03763E+000	-1.22074E-001	-6.71407E-001
-3.41807E+001	-7.37327E+001	1.02445E+003	9.76592E-001	-4.27259E-001	6.10370E-002
-3.27158E+001	-7.66625E+001	1.01468E+003	1.03763E+000	1.15970E+000	-3.05185E-001
-3.51573E+001	-8.05689E+001	1.01614E+003	4.88296E-001	-1.22074E-001	6.10370E-002
-3.27158E+001	-7.66625E+001	1.01810E+003	4.88296E-001	-1.83111E-001	2.44148E-001
-3.17392E+001	-7.17795E+001	1.02005E+003	4.27259E-001	4.27259E-001	3.05185E-001
-4.10169E+001	-8.00806E+001	1.01614E+003	1.83111E-001	9.76592E-001	-6.10370E-002
-3.71105E+001	-7.22678E+001	1.02542E+003	7.32444E-001	-1.03763E+000	5.49333E-001
-3.61339E+001	-7.47093E+001	1.01810E+003	6.71407E-001	-3.05185E-001	4.88296E-001
-2.78329E+001	-7.32444E+001	1.02249E+003	1.09867E+000	-1.15970E+000	-3.05185E-001
-4.34584E+001	-7.66625E+001	1.01517E+003	1.03763E+000	1.83111E-001	-7.32444E-001
-3.12510E+001	-6.98263E+001	1.02200E+003	8.54518E-001	-9.76592E-001	3.66222E-001
-3.75988E+001	-7.22678E+001	1.01907E+003	1.03763E+000	-1.83111E-001	-3.05185E-001
-3.46690E+001	-6.93381E+001	1.01517E+003	1.15970E+000	-5.49333E-001	-5.49333E-001
-3.71105E+001	-7.37327E+001	1.01761E+003	4.27259E-001	-1.83111E-001	-3.66222E-001
-3.61339E+001	-7.12912E+001	1.02200E+003	9.76592E-001	-6.71407E-001	-2.44148E-001
-3.75988E+001	-6.88498E+001	1.01810E+003	1.28178E+000	-2.44148E-001	0.00000E+000
-3.12510E+001	-6.93381E+001	1.02200E+003	7.32444E-001	-3.66222E-001	-2.44148E-001
-4.29701E+001	-6.88498E+001	1.01517E+003	6.10370E-001	4.88296E-001	-7.93481E-001
-3.17392E+001	-7.03146E+001	1.02298E+003	1.83111E-001	-6.71407E-001	2.44148E-001
-3.66222E+001	-7.08029E+001	1.02103E+003	9.76592E-001	4.88296E-001	-6.71407E-001
-4.10169E+001	-7.08029E+001	1.01419E+003	6.71407E-001	1.03763E+000	-1.09867E+000
-3.80871E+001	-6.88498E+001	1.01419E+003	4.88296E-001	-6.10370E-002	-6.71407E-001
-4.63881E+001	-6.83615E+001	1.02152E+003	-2.44148E-001	9.15555E-001	-1.09867E+000
-5.56658E+001	-7.27561E+001	1.02396E+003	-3.66222E-001	0.00000E+000	-2.44148E-001
-3.12510E+001	-6.93381E+001	1.03958E+003	4.27259E-001	-1.64800E+000	1.28178E+000
-4.63881E+001	-6.93381E+001	1.01028E+003	1.95318E+000	6.71407E-001	0.00000E+000
-3.75988E+001	-7.22678E+001	1.01028E+003	7.32444E-001	-1.34281E+000	3.05185E-001
-5.12711E+001	-7.32444E+001	1.01712E+003	6.10370E-002	6.10370E-002	-3.05185E-001
-4.15052E+001	-6.54317E+001	1.02445E+003	1.22074E-001	-6.10370E-001	5.49333E-001
-4.58998E+001	-6.20136E+001	1.02005E+003	4.27259E-001	9.15555E-001	2.44148E-001
-3.66222E+001	-6.15253E+001	1.02103E+003	3.66222E-001	-5.49333E-001	3.66222E-001
-4.34584E+001	-7.17795E+001	1.01956E+003	1.83111E-001	6.10370E-001	-4.27259E-001
-4.63881E+001	-7.32444E+001	1.01419E+003	7.93481E-001	-3.66222E-001	0.00000E+000
-3.27158E+001	-6.44551E+001	1.01956E+003	3.66222E-001	-1.70904E+000	4.88296E-001
-4.83413E+001	-6.73849E+001	1.01517E+003	1.22074E-001	6.10370E-002	-1.83111E-001
-4.49232E+001	-6.73849E+001	1.01907E+003	-6.10370E-002	-1.52593E+000	3.66222E-001
-4.88296E+001	-6.93381E+001	1.01175E+003	0.00000E+000	-1.15970E+000	1.83111E-001
-3.66222E+001	-6.64083E+001	1.02249E+003	-9.76592E-001	-2.50252E+000	4.88296E-001
-3.61339E+001	-7.17795E+001	1.02347E+003	-9.76592E-001	-1.22074E+000	-2.44148E-001
-3.90637E+001	-6.83615E+001	1.02054E+003	-2.44148E-001	3.66222E-001	-5.49333E-001
-4.78530E+001	-7.37327E+001	1.01761E+003	-4.88296E-001	4.88296E-001	-6.71407E-001
