A_X [mg]	A_Y [mg]	A_Z [mg]	G_X [dps]	G_Y [dps]	G_Z [dps]
-1.91900E+002	9.76592E-001	1.00296E+003	-1.00711E+001	-3.54015E+000	4.33363E+000
9.76592E-001	-5.85955E+000	1.02005E+003	3.66222E-001	-6.71407E-001	-4.27259E-001
4.68764E+001	-4.63881E+001	6.86056E+002	8.24000E+001	-3.14341E+001	9.15555E-001
1.26957E+001	4.58998E+001	3.35948E+002	6.29292E+001	-2.12409E+001	-3.47911E+000
3.02744E+001	1.34281E+002	1.64068E+002	2.95419E+001	-1.37333E+001	-6.59200E+000
5.37126E+000	1.64556E+002	1.06449E+002	-8.30103E+000	-2.50252E+000	-1.06204E+001
-1.31840E+002	3.07627E+001	4.53627E+002	-5.57878E+001	1.41606E+001	-1.19022E+001
-2.63680E+002	-9.17997E+001	1.17582E+003	-9.12503E+001	3.65612E+001	-7.93481E-001
-1.99713E+002	-1.60161E+002	1.79693E+003	-7.68456E+001	2.66732E+001	6.71407E+000
-1.38676E+002	-2.43660E+002	2.14069E+003	-3.90637E+001	1.61138E+001	1.17191E+001
-9.57060E+001	-1.96295E+002	1.89312E+003	2.09357E+001	1.83111E-001	1.25126E+001
-5.85955E+000	-1.04007E+002	1.29447E+003	6.94601E+001	-2.64290E+001	4.94400E+000
1.95318E+000	-3.85754E+001	8.38893E+002	7.78832E+001	-2.73446E+001	-2.56355E+000
-2.73446E+001	1.36723E+001	5.09293E+002	6.48213E+001	-1.27567E+001	-1.83111E+000
9.27763E+000	8.05689E+001	2.84188E+002	4.02234E+001	-1.02542E+001	-2.86874E+000
-3.90637E+000	1.22074E+002	1.41606E+002	9.46074E+000	-8.66726E+000	-9.39970E+000
-5.66424E+001	7.95923E+001	2.21198E+002	-3.21055E+001	4.69985E+000	-8.78933E+000
-2.31941E+002	-6.05487E+001	7.30003E+002	-7.66625E+001	2.40486E+001	-5.61541E+000
-3.30088E+002	-1.55766E+002	1.52300E+003	-9.46074E+001	3.96130E+001	5.24918E+000
-1.78716E+002	-1.75298E+002	1.95611E+003	-6.15253E+001	1.80059E+001	1.11087E+001
-4.10169E+001	-1.48930E+002	1.93219E+003	-1.03153E+001	-1.15970E+000	1.23905E+001
-1.26957E+001	-1.14261E+002	1.59673E+003	3.54015E+001	-1.09256E+001	6.22578E+000
-5.42009E+001	-7.22678E+001	1.21000E+003	6.34175E+001	-1.90435E+001	-1.40385E+000
-7.81274E+001	-3.80871E+001	9.36064E+002	7.01926E+001	-1.86773E+001	-1.95318E+000
-5.32243E+001	4.39467E+000	5.96698E+002	6.64693E+001	-1.67852E+001	-5.49333E-001
1.17191E+001	8.54518E+001	2.95907E+002	4.30921E+001	-1.15360E+001	-7.32444E-001
-2.58797E+001	1.52837E+002	1.42094E+002	7.01926E+000	-5.06607E+000	-6.16474E+000
-9.86358E+001	1.50395E+002	1.64556E+002	-3.64391E+001	3.11289E+000	-6.10370E+000
-2.84677E+002	-5.46892E+001	8.04224E+002	-8.80154E+001	1.90435E+001	-6.71407E-001
-3.22275E+002	-2.19733E+002	1.73492E+003	-1.05106E+002	4.13831E+001	1.77007E+001
-7.86157E+001	-2.44636E+002	2.23884E+003	-5.99384E+001	1.72735E+001	2.33161E+001
4.73647E+001	-1.41606E+002	1.96979E+003	1.63579E+001	-1.74566E+001	9.15555E+000
7.32444E+000	-7.66625E+001	1.40043E+003	6.56758E+001	-2.70394E+001	-3.78430E+000
-1.26957E+002	-7.22678E+001	9.85870E+002	7.67846E+001	-2.47200E+001	-9.64385E+000
-1.48930E+002	-2.19733E+001	6.52364E+002	7.24509E+001	-2.47810E+001	-4.33363E+000
-5.02945E+001	5.71306E+001	3.88195E+002	5.21256E+001	-2.28889E+001	8.54518E-001
-1.95318E+000	1.20121E+002	1.93854E+002	2.28278E+001	-1.72124E+001	-1.22074E+000
2.00201E+001	1.50884E+002	9.13114E+001	-1.47099E+001	-5.00504E+000	-9.76592E-001
-8.15455E+001	1.05960E+002	2.79305E+002	-6.07318E+001	6.83615E+000	-2.80770E+000
-2.40242E+002	-1.33793E+002	1.19730E+003	-1.05960E+002	3.35093E+001	4.63881E+000
-1.16214E+002	-2.24616E+002	1.95318E+003	-9.55229E+001	3.40587E+001	1.61748E+001
3.07627E+001	-2.26569E+002	2.20563E+003	-3.93689E+001	5.79852E+000	1.04984E+001
-1.46489E+001	-1.60649E+002	1.87066E+003	2.39265E+001	-5.31022E+000	1.15970E+000
-3.61339E+001	-1.05960E+002	1.31742E+003	6.56758E+001	-1.86773E+001	-4.88296E+000
-6.83615E+001	-5.12711E+001	8.48659E+002	7.72729E+001	-2.50252E+001	-8.48415E+000
-6.15253E+001	1.41606E+001	5.27848E+002	6.39058E+001	-1.90435E+001	-4.45570E+000
-2.53914E+001	7.81274E+001	3.18857E+002	3.68053E+001	-1.27567E+001	-1.15970E+000
-2.97861E+001	1.18656E+002	1.63579E+002	5.61541E+000	-9.88800E+000	-3.23496E+000
-2.88095E+001	8.49635E+001	2.01666E+002	-3.48521E+001	-6.10370E-001	-1.52593E+000
-1.39164E+002	-6.83615E+001	7.97388E+002	-7.78832E+001	2.45369E+001	2.13630E+000
-2.00690E+002	-1.82623E+002	1.58647E+003	-9.13114E+001	3.65612E+001	7.93481E+000
4.88296E-001	-1.91900E+002	2.04743E+003	-5.78631E+001	2.33772E+001	1.24516E+001
-3.41807E+001	-1.91412E+002	2.01129E+003	-3.66222E-001	4.94400E+000	1.95318E+000
-7.22678E+001	-1.45512E+002	1.57378E+003	4.90738E+001	-6.28681E+000	-5.49333E-001
-6.83615E+001	-9.71709E+001	1.04642E+003	7.50145E+001	-2.05695E+001	-4.57778E+000
-8.34986E+001	-1.75787E+001	6.36250E+002	7.22678E+001	-2.17902E+001	-5.06607E+000
-2.49031E+001	5.76189E+001	3.76476E+002	4.99893E+001	-1.64190E+001	-1.15970E+000
4.73647E+001	1.07425E+002	2.44148E+002	1.92267E+001	-7.99585E+000	-3.35704E+000
1.95318E+000	1.13773E+002	2.07526E+002	-1.47710E+001	-2.86874E+000	-8.85037E+000
-7.81274E+001	2.92978E+001	4.64370E+002	-5.35295E+001	6.04266E+000	-8.85037E+000
-2.85653E+002	-1.16703E+002	1.10306E+003	-8.31935E+001	2.36824E+001	-3.47911E+000
-1.59185E+002	-1.59673E+002	1.70415E+003	-8.05078E+001	2.65511E+001	1.17801E+001
-2.49031E+001	-2.11921E+002	2.06500E+003	-4.55336E+001	2.04474E+001	1.56255E+001
-3.17392E+001	-2.17780E+002	1.93658E+003	9.70489E+000	8.48415E+000	7.93481E+000
-7.95923E+001	-1.39164E+002	1.40190E+003	6.00604E+001	-1.52593E+001	-2.38044E+000
-5.85955E+001	-5.17594E+001	8.91140E+002	7.71508E+001	-2.47810E+001	-6.53096E+000
-6.98263E+001	4.39467E+000	5.76678E+002	6.37837E+001	-1.05594E+001	-3.96741E+000
-8.30103E+000	5.71306E+001	3.82336E+002	4.02234E+001	-2.86874E+000	-2.80770E+000
-8.10572E+001	1.30863E+002	1.90924E+002	1.40996E+001	-6.40889E+000	-1.12308E+001
-1.70415E+002	1.43071E+002	1.97760E+002	-2.44758E+001	-8.05689E+000	-8.24000E+000
-1.24516E+002	-1.66021E+001	7.09494E+002	-7.13523E+001	9.15555E+000	7.08029E+000
-1.77252E+002	-1.52348E+002	1.44194E+003	-8.99686E+001	2.44758E+001	1.20243E+001
-7.42210E+001	-2.19245E+002	1.96442E+003	-6.65914E+001	1.98981E+001	1.42827E+001
-1.15726E+002	-2.49519E+002	2.04596E+003	-1.39775E+001	9.52177E+000	8.66726E+000
-1.34281E+002	-1.69927E+002	1.63140E+003	4.37025E+001	-9.70489E+000	2.38044E+000
-6.39668E+001	-1.03030E+002	1.09232E+003	7.38548E+001	-2.13019E+001	-9.76592E-001
-7.66625E+001	-5.32243E+001	6.55782E+002	7.38548E+001	-2.07526E+001	-3.78430E+000
-1.56255E+001	3.17392E+001	3.39854E+002	5.39567E+001	-1.84942E+001	-9.76592E-001
9.27763E+000	1.08890E+002	1.41606E+002	2.04474E+001	-1.51372E+001	-4.57778E+000
-9.27763E+000	1.12308E+002	1.66021E+002	-2.22175E+001	-8.11792E+000	-7.08029E+000
-8.10572E+001	-8.78933E+000	6.68966E+002	-6.73238E+001	1.05594E+001	-4.15052E+000
-2.43660E+002	-1.59673E+002	1.47465E+003	-8.89309E+001	2.58797E+001	1.03763E+000
-1.29398E+002	-2.23151E+002	2.02252E+003	-6.42720E+001	2.18513E+001	1.07425E+001
-2.39265E+001	-2.22175E+002	2.06110E+003	-7.01926E+000	2.86874E+000	7.32444E+000
-5.85955E+001	-1.50395E+002	1.56743E+003	5.04776E+001	-1.23295E+001	-1.40385E+000
-6.88498E+001	-8.10572E+001	9.80499E+002	7.76391E+001	-1.97760E+001	-6.83615E+000
-1.00101E+002	-2.14850E+001	5.70330E+002	7.22068E+001	-1.80670E+001	-7.14133E+000
-4.19935E+001	6.39668E+001	3.12998E+002	4.77920E+001	-1.40996E+001	-1.52593E+000
3.36924E+001	1.19633E+002	1.73345E+002	1.30619E+001	-8.91140E+000	-1.95318E+000
1.95318E+000	1.03030E+002	2.03131E+002	-2.73446E+001	6.10370E-002	-5.61541E+000
-7.51976E+001	-2.29499E+001	6.45528E+002	-6.76290E+001	1.25126E+001	-4.82192E+000
-2.32917E+002	-1.49907E+002	1.39604E+003	-9.17386E+001	3.16782E+001	2.44148E-001
-1.20609E+002	-2.07526E+002	2.00592E+003	-7.12912E+001	2.54524E+001	9.09452E+000
-4.19935E+001	-2.07526E+002	2.05377E+003	-1.46489E+001	8.72829E+000	6.71407E+000
-9.27763E+001	-1.58208E+002	1.64409E+003	4.00403E+001	-7.38548E+000	-1.64800E+000
-1.13285E+002	-1.03030E+002	1.12015E+003	7.08029E+001	-1.70904E+001	-5.49333E+000
-1.13773E+002	-6.15253E+001	7.09494E+002	7.27561E+001	-1.43437E+001	-4.15052E+000
-6.25019E+001	9.27763E+000	4.31166E+002	5.57268E+001	-1.22074E+001	-6.10370E-002
1.41606E+001	9.17997E+001	2.57332E+002	2.61849E+001	-9.21659E+000	4.88296E-001
2.05084E+001	1.25980E+002	2.09967E+002	-1.01321E+001	-2.31941E+000	-3.41807E+000
-2.14850E+001	6.10370E+001	4.40443E+002	-4.86465E+001	7.75170E+000	-7.01926E+000
-1.97760E+002	-1.07425E+002	1.11283E+003	-8.23389E+001	2.61849E+001	-5.61541E+000
-2.22663E+002	-1.98248E+002	1.79742E+003	-7.93481E+001	3.00913E+001	2.31941E+000
-1.37700E+002	-2.16315E+002	2.05719E+003	-3.35093E+001	8.85037E+000	3.96741E+000
-1.36723E+002	-1.83111E+002	1.81939E+003	2.15461E+001	-3.54015E+000	2.74667E+000
-1.08402E+002	-1.15238E+002	1.31889E+003	6.19526E+001	-1.48320E+001	8.54518E-001
-8.49635E+001	-7.08029E+001	8.82351E+002	7.51976E+001	-1.89825E+001	-2.56355E+000
-8.59401E+001	-1.66021E+001	5.82537E+002	6.56758E+001	-1.14750E+001	-1.40385E+000
-2.34382E+001	6.44551E+001	3.49132E+002	4.35194E+001	-9.39970E+000	-1.83111E-001
-3.41807E+001	1.32328E+002	1.95318E+002	1.16581E+001	-7.32444E+000	-4.88296E+000
-2.92978E+000	1.45512E+002	2.33894E+002	-2.85043E+001	-1.83111E-001	-3.60118E+000
-8.49635E+001	-1.17191E+001	7.79321E+002	-7.26951E+001	1.85553E+001	-4.57778E+000
-3.18857E+002	-1.85553E+002	1.60308E+003	-8.93582E+001	3.46690E+001	-3.41807E+000
-2.64168E+002	-2.21198E+002	2.06110E+003	-5.31632E+001	1.70904E+001	5.12711E+000
-1.23539E+002	-1.58696E+002	1.91803E+003	8.72829E+000	-4.76089E+000	7.81274E+000
-4.00403E+001	-8.39869E+001	1.42680E+003	5.55437E+001	-1.94708E+001	1.83111E+000
-4.19935E+001	-4.44349E+001	9.57549E+002	7.14743E+001	-2.15461E+001	-5.37126E+000
-6.49434E+001	-6.34785E+000	6.48457E+002	6.29902E+001	-1.66021E+001	-6.28681E+000
-5.17594E+001	6.49434E+001	4.28236E+002	4.25428E+001	-1.61748E+001	-6.40889E+000
-5.32243E+001	1.40629E+002	2.51473E+002	1.43437E+001	-1.11087E+001	-7.81274E+000
-4.15052E+001	1.62114E+002	2.30476E+002	-2.18513E+001	-4.08948E+000	-5.79852E+000
-8.64284E+001	4.73647E+001	5.77166E+002	-6.20136E+001	7.75170E+000	-4.39467E+000
-2.56844E+002	-1.03030E+002	1.19926E+003	-8.43532E+001	2.26447E+001	-2.31941E+000
-1.69439E+002	-1.86529E+002	1.74615E+003	-7.43431E+001	1.90435E+001	7.62963E+000
-9.03348E+001	-2.34382E+002	2.01227E+003	-3.60118E+001	9.94903E+000	1.00711E+001
-1.14261E+002	-2.04108E+002	1.80328E+003	1.84942E+001	-4.45570E+000	3.41807E+000
-8.44752E+001	-1.26957E+002	1.33744E+003	5.81683E+001	-1.69683E+001	1.83111E-001
-9.22880E+001	-7.08029E+001	9.17020E+002	7.11081E+001	-2.19123E+001	-2.56355E+000
-6.54317E+001	-4.88296E-001	5.89373E+002	6.31733E+001	-1.92877E+001	7.32444E-001
-6.83615E+000	9.03348E+001	3.51573E+002	4.02234E+001	-1.71514E+001	2.86874E+000
1.66021E+001	1.46489E+002	2.14850E+002	7.32444E+000	-9.58281E+000	-1.22074E-001
-4.10169E+001	1.21586E+002	2.40730E+002	-3.05795E+001	-1.28178E+000	-4.21155E+000
-1.78228E+002	-3.71105E+001	7.06076E+002	-7.00095E+001	9.33866E+000	-2.38044E+000
-2.78329E+002	-1.77252E+002	1.44829E+003	-8.88699E+001	2.06915E+001	8.85037E+000
-1.04007E+002	-2.06061E+002	1.92242E+003	-6.32344E+001	8.72829E+000	1.86163E+001
7.47093E+001	-1.89459E+002	1.98248E+003	-1.24516E+001	-5.85955E+000	1.51372E+001
4.88296E+001	-1.63579E+002	1.62163E+003	3.79650E+001	-1.07425E+001	3.35704E+000
-3.22275E+001	-1.15726E+002	1.13138E+003	6.84835E+001	-1.87384E+001	-6.59200E+000
-6.29902E+001	-4.98062E+001	7.33421E+002	7.12302E+001	-1.90435E+001	-7.75170E+000
-5.71306E+001	1.85553E+001	4.55092E+002	5.27360E+001	-1.29398E+001	-4.02844E+000
-5.85955E+000	8.93582E+001	2.72469E+002	2.42317E+001	-9.15555E+000	-2.31941E+000
5.27360E+001	1.31840E+002	1.98737E+002	-9.46074E+000	-2.62459E+000	-3.17392E+000
-4.88296E+000	6.83615E+001	3.82336E+002	-4.85855E+001	5.67644E+000	-7.38548E+000
-1.75787E+002	-9.66826E+001	1.01028E+003	-8.32545E+001	2.49031E+001	-4.82192E+000
-1.42094E+002	-2.28523E+002	1.75249E+003	-8.46583E+001	2.49031E+001	3.84533E+000
-6.05487E+001	-2.99814E+002	2.16266E+003	-4.57778E+001	1.60527E+001	7.26341E+000
-9.37529E+001	-2.48054E+002	1.94537E+003	1.69683E+001	3.05185E-001	2.38044E+000
-4.68764E+001	-1.31352E+002	1.34770E+003	6.82394E+001	-2.44148E+001	-4.27259E+000
-6.05487E+001	-6.25019E+001	8.39381E+002	8.09351E+001	-2.86264E+001	-7.56859E+000
-4.05286E+001	-3.90637E+000	5.07828E+002	6.77511E+001	-1.98981E+001	-2.62459E+000
-4.88296E+000	7.12912E+001	2.73446E+002	4.27870E+001	-1.59307E+001	-1.64800E+000
3.02744E+001	1.32817E+002	1.34281E+002	9.76592E+000	-1.01321E+001	-5.31022E+000
7.32444E+000	1.00589E+002	2.51961E+002	-3.32652E+001	6.22578E+000	-6.53096E+000
-1.66997E+002	-6.49434E+001	8.78445E+002	-7.36717E+001	2.63680E+001	-5.55437E+000
-2.15827E+002	-1.68950E+002	1.59819E+003	-8.22779E+001	3.44859E+001	3.96741E+000
-7.81274E+001	-1.97272E+002	2.01959E+003	-5.07828E+001	2.13019E+001	1.16581E+001
-1.07425E+001	-1.88482E+002	1.98053E+003	2.44148E+000	1.89215E+000	7.87378E+000
-5.07828E+001	-1.33305E+002	1.56011E+003	5.10269E+001	-1.26957E+001	4.88296E-001
-8.49635E+001	-8.10572E+001	1.08255E+003	7.50755E+001	-2.00201E+001	-2.25837E+000
-5.32243E+001	-2.58797E+001	6.93869E+002	7.60521E+001	-1.98370E+001	5.49333E-001
-1.22074E+001	2.19733E+001	3.78918E+002	5.81072E+001	-1.54424E+001	9.15555E-001
1.07425E+001	1.00101E+002	1.90435E+002	2.75277E+001	-7.20237E+000	-2.44148E+000
4.15052E+001	1.58208E+002	1.49907E+002	-1.02542E+001	3.11289E+000	-3.54015E+000
3.46690E+001	1.14750E+002	3.97473E+002	-5.25529E+001	1.28788E+001	-5.98163E+000
-1.29398E+002	-5.76189E+001	1.08939E+003	-8.40480E+001	2.88095E+001	-8.91140E+000
-2.56844E+002	-1.58208E+002	1.73785E+003	-8.24000E+001	3.27769E+001	-5.18815E+000
-1.80670E+002	-1.75298E+002	2.06012E+003	-4.32142E+001	1.38554E+001	2.38044E+000
-1.26469E+002	-1.39164E+002	1.90631E+003	1.15970E+001	-2.62459E+000	4.08948E+000
-6.05487E+001	-7.27561E+001	1.45073E+003	5.47502E+001	-1.69683E+001	1.95318E+000
-7.91040E+001	-4.39467E+001	1.02054E+003	7.25120E+001	-2.26447E+001	-2.19733E+000
-9.32646E+001	-1.36723E+001	6.80685E+002	6.83004E+001	-1.97150E+001	-5.49333E-001
-4.34584E+001	4.73647E+001	4.20911E+002	4.99893E+001	-1.69683E+001	2.86874E+000
1.46489E+000	1.13285E+002	2.26569E+002	2.31941E+001	-1.32450E+001	8.54518E-001
5.02945E+001	1.51372E+002	1.63579E+002	-1.20853E+001	-5.37126E+000	-6.10370E-001
3.75988E+001	6.10370E+001	4.31654E+002	-5.45671E+001	1.00101E+001	-3.05185E+000
-1.96295E+002	-9.71709E+001	1.11087E+003	-8.42921E+001	3.00302E+001	-7.87378E+000
-3.13974E+002	-1.44047E+002	1.71245E+003	-7.94092E+001	2.99692E+001	-1.70904E+000
-1.39164E+002	-1.46001E+002	2.02545E+003	-4.44349E+001	1.44658E+001	1.28178E+001
3.90637E+000	-1.30863E+002	1.93756E+003	7.44652E+000	-1.64800E+000	1.20243E+001
-3.90637E+001	-9.71709E+001	1.52300E+003	5.33464E+001	-1.37333E+001	1.64800E+000
-1.08402E+002	-6.64083E+001	1.08548E+003	7.54418E+001	-1.85553E+001	-1.09867E+000
-1.23051E+002	-2.44148E+001	7.24631E+002	7.53197E+001	-2.05084E+001	9.76592E-001
-6.34785E+001	4.88296E+001	4.36537E+002	5.85955E+001	-1.86163E+001	4.94400E+000
1.80670E+001	1.28910E+002	2.29987E+002	3.32652E+001	-1.48930E+001	3.11289E+000
6.00604E+001	1.71880E+002	1.46489E+002	-2.44148E+000	-4.15052E+000	7.93481E-001
5.17594E+001	1.23539E+002	2.85165E+002	-4.32142E+001	9.09452E+000	-4.15052E+000
-1.30863E+002	-5.12711E+001	8.38404E+002	-8.05689E+001	2.96640E+001	-9.70489E+000
-3.10556E+002	-1.03519E+002	1.32084E+003	-8.27052E+001	3.55235E+001	-9.58281E+000
-3.02744E+002	-1.00589E+002	1.76324E+003	-6.76901E+001	1.78838E+001	-6.10370E-001
-1.08890E+002	-1.19633E+002	1.98639E+003	-3.48521E+001	7.75170E+000	1.56865E+001
3.27158E+001	-1.46001E+002	1.86041E+003	1.13529E+001	-2.68563E+000	1.38554E+001
-1.13773E+002	-1.41606E+002	1.51274E+003	5.36515E+001	-1.59917E+001	6.10370E-002
-1.32328E+002	-8.78933E+001	1.08792E+003	7.62963E+001	-2.27668E+001	2.50252E+000
-8.78933E+001	-2.19733E+001	6.83615E+002	7.78222E+001	-2.60018E+001	4.88296E+000
-4.44349E+001	5.07828E+001	3.70617E+002	5.94501E+001	-2.32551E+001	4.21155E+000
1.22074E+001	1.33305E+002	1.54302E+002	3.13730E+001	-1.56865E+001	2.19733E+000
8.64284E+001	1.74810E+002	8.64284E+001	-6.65304E+000	-4.69985E+000	-3.66222E-001
5.22477E+001	8.59401E+001	3.22275E+002	-5.23698E+001	1.28178E+001	-6.53096E+000
-2.12409E+002	-1.04984E+002	9.85382E+002	-8.93582E+001	3.30210E+001	-1.19633E+001
-3.54015E+002	-1.36235E+002	1.51030E+003	-8.30103E+001	2.96640E+001	-6.59200E+000
-1.97272E+002	-1.29887E+002	1.84478E+003	-5.84124E+001	1.25126E+001	8.05689E+000
8.30103E+000	-1.55766E+002	2.00592E+003	-2.16071E+001	8.66726E+000	1.53813E+001
-2.63680E+001	-1.59185E+002	1.79693E+003	2.86264E+001	-5.85955E+000	4.82192E+000
-4.00403E+001	-8.20338E+001	1.28813E+003	6.76901E+001	-1.82501E+001	6.71407E-001
-9.13114E+001	-2.68563E+001	8.53053E+002	7.76391E+001	-2.46590E+001	-4.51674E+000
-1.18656E+002	3.17392E+001	5.11734E+002	6.55538E+001	-2.13019E+001	-1.77007E+000
-6.83615E+001	8.98465E+001	2.80770E+002	4.05896E+001	-1.56255E+001	9.76592E-001
9.76592E-001	1.45024E+002	1.22562E+002	9.33866E+000	-9.27763E+000	1.34281E+000
7.03146E+001	1.25492E+002	1.59185E+002	-3.22886E+001	5.12711E+000	-5.49333E-001
-9.08231E+001	-1.90435E+001	6.45039E+002	-7.84936E+001	2.62459E+001	-7.69066E+000
-3.43760E+002	-1.82134E+002	1.36235E+003	-9.47295E+001	3.90637E+001	-7.26341E+000
-2.68563E+002	-2.04108E+002	1.85211E+003	-7.46483E+001	2.25227E+001	6.40889E+000
-7.12912E+001	-1.67486E+002	1.97516E+003	-3.07627E+001	5.73748E+000	1.39775E+001
-9.27763E+000	-1.60161E+002	1.81402E+003	1.45268E+001	-5.98163E+000	7.87378E+000
-9.27763E+001	-1.61626E+002	1.52300E+003	5.33464E+001	-1.70904E+001	-2.01422E+000
-1.36723E+002	-1.08402E+002	1.11234E+003	7.92261E+001	-1.94708E+001	-1.64800E+000
-1.09867E+002	4.88296E-001	6.68477E+002	8.28272E+001	-2.35603E+001	1.40385E+000
-6.20136E+001	9.03348E+001	3.78430E+002	6.09760E+001	-2.32551E+001	1.52593E+000
-1.46489E+001	1.60649E+002	1.91900E+002	3.05795E+001	-1.32450E+001	8.54518E-001
4.54115E+001	1.84088E+002	8.69167E+001	-5.49333E+000	-2.80770E+000	-1.52593E+000
-2.00201E+001	8.44752E+001	2.12409E+002	-5.19425E+001	1.33061E+001	-6.53096E+000
-2.90048E+002	-1.00101E+002	8.32545E+002	-9.57671E+001	3.61339E+001	-7.26341E+000
-2.79794E+002	-2.55867E+002	1.67730E+003	-1.06937E+002	3.77209E+001	5.85955E+000
-1.32817E+002	-3.12998E+002	2.17780E+003	-6.90939E+001	1.88604E+001	1.27567E+001
-1.01077E+002	-2.53914E+002	2.09235E+003	-1.89215E+000	3.05185E+000	6.71407E+000
-7.71508E+001	-1.59185E+002	1.59673E+003	5.67034E+001	-1.71514E+001	-7.32444E-001
-6.15253E+001	-7.27561E+001	1.03177E+003	8.43532E+001	-2.77718E+001	-5.92059E+000
-1.14750E+002	-8.30103E+000	6.02069E+002	8.13623E+001	-2.52693E+001	-8.05689E+000
-6.54317E+001	9.08231E+001	3.02744E+002	5.60320E+001	-2.02643E+001	-1.64800E+000
-1.66021E+001	1.36723E+002	1.63091E+002	1.94708E+001	-7.38548E+000	-2.50252E+000
2.92978E+000	1.25004E+002	1.71392E+002	-1.98981E+001	4.02844E+000	-4.57778E+000
-8.59401E+001	1.07425E+001	5.20524E+002	-6.39668E+001	1.95929E+001	-7.93481E+000
-3.23252E+002	-1.52348E+002	1.24613E+003	-9.09452E+001	3.95520E+001	-4.76089E+000
-3.15928E+002	-2.32429E+002	1.90680E+003	-8.09961E+001	3.29600E+001	7.32444E+000
-1.32328E+002	-2.20710E+002	2.07135E+003	-2.81381E+001	6.34785E+000	1.42827E+001
-4.83413E+001	-1.43559E+002	1.74224E+003	3.15561E+001	-1.80059E+001	5.73748E+000
-1.15238E+002	-1.15238E+002	1.33549E+003	6.51265E+001	-2.27058E+001	-3.11289E+000
-1.90924E+002	-7.42210E+001	9.49248E+002	7.77001E+001	-1.80059E+001	-1.09867E+000
-1.25980E+002	9.27763E+000	5.94256E+002	7.31834E+001	-2.28278E+001	4.45570E+000
-3.41807E+000	1.03030E+002	3.54991E+002	4.96231E+001	-2.01422E+001	5.55437E+000
6.20136E+001	1.69439E+002	1.95807E+002	1.91656E+001	-9.76592E+000	4.88296E-001
1.04984E+002	1.83111E+002	1.50884E+002	-1.84332E+001	1.83111E+000	-4.94400E+000
1.07425E+001	6.64083E+001	4.39955E+002	-6.29292E+001	1.78228E+001	-1.36723E+001
-3.65246E+002	-1.25980E+002	1.09525E+003	-9.64995E+001	3.89416E+001	-1.72124E+001
-3.67199E+002	-1.87017E+002	1.68316E+003	-8.89309E+001	2.32551E+001	-3.84533E+000
-2.48054E+002	-2.25593E+002	2.00055E+003	-5.02945E+001	3.35704E+000	6.95822E+000
-1.23539E+002	-2.43660E+002	2.00543E+003	-3.17392E+000	-5.18815E+000	1.31840E+001
-6.00604E+001	-1.46489E+002	1.53764E+003	5.18204E+001	-2.09967E+001	7.14133E+000
-2.88095E+001	-3.41807E+001	9.71221E+002	7.99585E+001	-3.19224E+001	-8.54518E-001
-7.27561E+001	1.95318E+000	6.19648E+002	7.03146E+001	-2.16071E+001	-1.89215E+000
-7.61742E+001	5.85955E+001	3.58898E+002	4.76089E+001	-1.47710E+001	1.64800E+000
-3.32041E+001	8.54518E+001	2.34382E+002	1.62969E+001	-9.82696E+000	4.88296E-001
3.07627E+001	5.85955E+001	2.13874E+002	-1.68462E+001	-6.10370E-001	-1.46489E+000
-7.17795E+001	-5.51775E+001	4.58998E+002	-5.82904E+001	1.65410E+001	-6.34785E+000
-3.47667E+002	-1.66997E+002	1.07035E+003	-9.00906E+001	3.41197E+001	-7.44652E+000
-2.42683E+002	-2.66610E+002	1.87457E+003	-8.97244E+001	3.49132E+001	8.60622E+000
-9.76592E+001	-2.39753E+002	2.15046E+003	-3.78430E+001	1.89215E+001	1.21464E+001
-2.97861E+001	-1.36235E+002	1.87310E+003	2.83822E+001	-1.56255E+001	9.76592E-001
-2.34382E+001	-1.03030E+002	1.45756E+003	6.95212E+001	-2.97861E+001	-6.16474E+000
-1.24516E+002	-7.12912E+001	9.97589E+002	8.72219E+001	-2.83822E+001	-8.72829E+000
-1.28422E+002	-2.05084E+001	6.13300E+002	8.16675E+001	-2.97250E+001	-2.68563E+000
-1.00101E+002	3.51573E+001	3.37901E+002	5.63982E+001	-2.69173E+001	8.54518E-001
-3.41807E+001	1.07425E+002	1.17191E+002	2.40486E+001	-1.77007E+001	1.95318E+000
2.29499E+001	1.25492E+002	5.56658E+001	-1.78228E+001	-4.76089E+000	4.27259E-001
-1.75787E+001	5.95721E+001	3.65246E+002	-6.59810E+001	1.38554E+001	-1.15970E+000
-1.36235E+002	-1.19633E+002	1.22025E+003	-1.09561E+002	4.62050E+001	4.21155E+000
-1.59185E+002	-2.30964E+002	1.92682E+003	-9.78423E+001	4.73037E+001	8.30103E+000
-1.56743E+002	-2.95419E+002	2.18513E+003	-4.04675E+001	1.56865E+001	6.71407E-001
-2.70028E+002	-2.56844E+002	2.00201E+003	2.14850E+001	-2.68563E+000	-3.05185E+000
-1.29398E+002	-1.24027E+002	1.41704E+003	7.36717E+001	-2.55745E+001	2.44148E+000
-6.34785E+001	-5.56658E+001	8.88211E+002	9.07620E+001	-3.52794E+001	-2.01422E+000
-4.68764E+001	6.34785E+000	5.09781E+002	7.92261E+001	-2.42927E+001	7.32444E-001
-7.81274E+000	8.69167E+001	2.45125E+002	5.18815E+001	-1.99591E+001	3.23496E+000
7.12912E+001	1.41606E+002	8.83816E+001	1.47099E+001	-1.19022E+001	-3.05185E-001
2.63680E+001	1.06449E+002	1.49419E+002	-2.96640E+001	4.39467E+000	-7.26341E+000
-2.02643E+002	-2.88095E+001	6.76778E+002	-7.77612E+001	2.64901E+001	-1.05594E+001
-4.15540E+002	-1.93365E+002	1.50395E+003	-9.72320E+001	4.43129E+001	-6.10370E-001
-2.63680E+002	-1.74322E+002	1.94733E+003	-6.40278E+001	1.98370E+001	1.47710E+001
-2.39265E+001	-1.14750E+002	1.90484E+003	-1.13529E+001	-5.12711E+000	2.28278E+001
8.05689E+001	-1.26957E+002	1.75542E+003	2.76498E+001	-5.67644E+000	1.60527E+001
-6.93381E+001	-1.15726E+002	1.37748E+003	6.92770E+001	-2.06305E+001	-5.12711E+000
-1.21586E+002	-4.58998E+001	8.28639E+002	9.18607E+001	-2.74667E+001	-5.43229E+000
-2.19733E+001	7.47093E+001	4.22864E+002	7.26951E+001	-2.74667E+001	1.15970E+000
-2.58797E+001	1.36723E+002	2.33894E+002	3.65001E+001	-1.75176E+001	-2.01422E+000
1.31840E+001	1.97272E+002	6.83615E+001	2.99081E+000	-1.09256E+001	-2.56355E+000
5.17594E+001	1.11332E+002	1.11332E+002	-4.16272E+001	6.10370E-001	-5.00504E+000
-2.05084E+002	-9.27763E+001	6.78732E+002	-9.78423E+001	3.75988E+001	-8.66726E+000
-4.75112E+002	-2.19245E+002	1.36918E+003	-1.19327E+002	5.87786E+001	2.92978E+000
-1.57231E+002	-2.85165E+002	1.95270E+003	-9.52177E+001	3.24107E+001	2.44148E+001
6.34785E+000	-3.06650E+002	2.22126E+003	-3.80261E+001	9.39970E+000	1.42216E+001
-7.27561E+001	-2.76376E+002	1.93316E+003	3.25327E+001	-5.98163E+000	-2.44148E+000
-8.59401E+001	-1.82134E+002	1.36430E+003	8.64895E+001	-1.91656E+001	-7.26341E+000
-1.44047E+002	-8.59401E+001	8.01294E+002	1.05777E+002	-2.67953E+001	-1.31230E+001
-1.62603E+002	1.61138E+001	3.95520E+002	8.71609E+001	-2.67953E+001	-8.42311E+000
-9.57060E+001	8.59401E+001	2.30964E+002	4.65712E+001	-1.95318E+001	-1.22074E-001
-4.54115E+001	1.47465E+002	5.81072E+001	7.69066E+000	-8.85037E+000	7.32444E-001
-1.95318E+001	1.54302E+002	4.98062E+001	-3.80261E+001	-5.37126E+000	-2.68563E+000
-1.45512E+002	-1.95318E+001	6.13788E+002	-9.62554E+001	1.73956E+001	-3.47911E+000
-2.74911E+002	-2.85653E+002	1.70855E+003	-1.35319E+002	5.37126E+001	9.09452E+000
-2.00690E+002	-4.00891E+002	2.33845E+003	-8.46583E+001	2.90536E+001	1.41606E+001
-9.13114E+001	-2.86142E+002	2.09479E+003	9.70489E+000	-2.24616E+001	-3.05185E-001
-3.71105E+001	-1.56255E+002	1.54839E+003	7.03146E+001	-3.77819E+001	-7.81274E+000
-6.05487E+001	-1.01566E+002	1.06497E+003	9.14945E+001	-2.23395E+001	-1.05594E+001
-1.39653E+002	-4.39467E+001	6.48946E+002	9.33256E+001	-1.48930E+001	-9.33866E+000
-5.85955E+001	6.39668E+001	3.37413E+002	6.87277E+001	-1.85553E+001	-1.89215E+000
-1.85553E+001	1.26469E+002	2.07038E+002	2.64901E+001	-9.88800E+000	-2.50252E+000
3.41807E+001	1.46977E+002	1.36723E+002	-1.21464E+001	-9.15555E-001	-3.17392E+000
1.90435E+001	5.95721E+001	2.97861E+002	-5.49944E+001	1.17801E+001	-7.69066E+000
-2.38289E+002	-1.03519E+002	8.83328E+002	-1.01627E+002	3.80871E+001	-1.04373E+001
-3.70128E+002	-3.10068E+002	1.78619E+003	-1.15299E+002	4.23597E+001	2.44148E+000
-1.95807E+002	-3.43760E+002	2.23103E+003	-6.36006E+001	2.27058E+001	1.52593E+001
-1.20121E+002	-2.41707E+002	1.98102E+003	1.36113E+001	-4.82192E+000	7.44652E+000
-5.27360E+001	-1.42094E+002	1.48100E+003	6.65304E+001	-1.62969E+001	1.89215E+000
-6.93381E+001	-6.64083E+001	9.90265E+002	8.95413E+001	-1.68462E+001	-5.61541E+000
-1.11332E+002	2.44148E+000	6.12323E+002	8.68557E+001	-1.59307E+001	-6.53096E+000
-6.00604E+001	9.37529E+001	3.43272E+002	6.12812E+001	-1.18412E+001	-3.05185E-001
-1.95318E+000	1.50884E+002	1.97272E+002	2.27058E+001	-6.04266E+000	-3.23496E+000
-3.32041E+001	1.32328E+002	1.29398E+002	-1.81280E+001	-1.77007E+000	-1.06204E+001
-2.05573E+002	1.31840E+001	3.80383E+002	-7.03757E+001	1.06815E+001	-1.15970E+001
-3.87707E+002	-2.37312E+002	1.37895E+003	-1.27323E+002	3.68053E+001	4.08948E+000
-2.39265E+002	-4.14563E+002	2.27107E+003	-1.01260E+002	2.78939E+001	2.06915E+001
-1.27934E+002	-2.84677E+002	2.09577E+003	-2.38044E+000	-1.48930E+001	1.14750E+001
1.22074E+001	-1.56255E+002	1.58843E+003	6.39058E+001	-3.22886E+001	4.45570E+000
-4.54115E+001	-7.51976E+001	1.05765E+003	9.21659E+001	-1.80670E+001	-4.51674E+000
-1.06449E+002	6.83615E+000	6.37226E+002	9.30815E+001	-1.30009E+001	-6.53096E+000
-4.29701E+001	9.42412E+001	3.82824E+002	6.89108E+001	-1.32450E+001	-2.38044E+000
-2.29499E+001	1.64068E+002	2.04596E+002	3.17392E+001	-5.31022E+000	-8.48415E+000
-6.15253E+001	1.50395E+002	1.53813E+002	-1.23295E+001	3.66222E-001	-1.44047E+001
-2.46101E+002	3.56456E+001	3.92590E+002	-6.75680E+001	1.23295E+001	-1.35502E+001
-3.51573E+002	-1.64556E+002	1.33061E+003	-1.19877E+002	3.00913E+001	4.76089E+000
-1.34770E+002	-2.60750E+002	2.04645E+003	-9.92462E+001	2.41096E+001	2.34993E+001
-3.75988E+001	-2.12409E+002	2.02301E+003	-2.71615E+001	-7.38548E+000	1.54424E+001
-1.80670E+001	-1.58696E+002	1.65972E+003	3.47301E+001	-2.70394E+001	-6.10370E-002
-1.58208E+002	-1.17679E+002	1.24223E+003	7.01315E+001	-2.20344E+001	-1.06815E+001
-1.61138E+002	-5.51775E+001	8.27662E+002	8.52077E+001	-2.04474E+001	-5.24918E+000
-7.32444E+001	5.90838E+001	4.37513E+002	7.46483E+001	-1.96539E+001	1.83111E-001
-7.03146E+001	1.28422E+002	2.61238E+002	4.03455E+001	-1.73345E+001	-4.02844E+000
-9.91241E+001	1.85064E+002	8.54518E+001	4.51674E+000	-1.13529E+001	-3.23496E+000
-2.53914E+001	1.42582E+002	1.40629E+002	-4.43739E+001	-2.74667E+000	3.66222E+000
7.32444E+000	-5.02945E+001	7.60765E+002	-9.80865E+001	2.14240E+001	5.79852E+000
-1.72857E+002	-3.14463E+002	1.76812E+003	-1.24393E+002	4.88296E+001	4.76089E+000
-2.16315E+002	-3.82336E+002	2.24030E+003	-7.01926E+001	2.28278E+001	4.27259E+000
-1.06449E+002	-2.53914E+002	1.97174E+003	1.05594E+001	-1.20853E+001	2.62459E+000
-3.36924E+001	-1.43559E+002	1.49712E+003	5.95721E+001	-2.00201E+001	1.22074E-001
-6.05487E+001	-8.93582E+001	1.04837E+003	8.10572E+001	-2.21564E+001	-7.87378E+000
-7.71508E+001	-1.02542E+001	6.48457E+002	8.17896E+001	-1.96539E+001	-6.40889E+000
-3.95520E+001	8.25220E+001	3.80383E+002	5.80462E+001	-1.84332E+001	-2.19733E+000
-2.24616E+001	1.54302E+002	2.05573E+002	2.22175E+001	-7.93481E+000	-2.86874E+000
-5.37126E+001	1.60649E+002	1.00101E+002	-1.81890E+001	-1.52593E+000	-4.94400E+000
-1.43559E+002	1.02542E+001	3.46690E+002	-6.92160E+001	1.25126E+001	-4.39467E+000
-2.81747E+002	-2.56355E+002	1.24467E+003	-1.24332E+002	4.04675E+001	8.91140E+000
-1.42094E+002	-4.02356E+002	2.06305E+003	-1.08158E+002	3.50352E+001	2.35603E+001
-2.09967E+001	-3.60363E+002	2.16608E+003	-2.90536E+001	-6.10370E-001	1.19633E+001
-2.05084E+001	-2.45125E+002	1.75298E+003	3.91247E+001	-1.35502E+001	-1.22074E-001
-6.44551E+001	-1.61138E+002	1.26859E+003	7.84936E+001	-1.64800E+001	-7.93481E+000
-1.50884E+002	-8.34986E+001	8.38893E+002	9.24711E+001	-1.79449E+001	-1.12308E+001
-8.74050E+001	5.12711E+001	4.15540E+002	8.11182E+001	-2.00812E+001	-2.80770E+000
-1.17191E+001	1.33793E+002	2.73934E+002	3.95520E+001	-1.55644E+001	-3.11289E+000
-3.95520E+001	1.67486E+002	1.36235E+002	2.31941E+000	-4.39467E+000	-7.56859E+000
-5.66424E+001	9.91241E+001	1.87017E+002	-3.97961E+001	3.66222E-001	-1.04984E+001
-2.34870E+002	-6.00604E+001	5.91327E+002	-8.53908E+001	1.68462E+001	-1.00101E+001
-2.64168E+002	-2.98349E+002	1.34037E+003	-1.21464E+002	4.22376E+001	9.52177E+000
-2.38777E+002	-4.78530E+002	2.16462E+003	-1.08585E+002	4.62050E+001	2.33772E+001
-8.05689E+001	-4.13587E+002	2.19001E+003	-2.40486E+001	4.57778E+000	1.55644E+001
-5.90838E+001	-2.87606E+002	1.73736E+003	4.77309E+001	-1.73345E+001	2.56355E+000
-1.25004E+002	-1.87994E+002	1.17045E+003	8.45363E+001	-2.17292E+001	-7.38548E+000
-1.28910E+002	-7.56859E+001	7.14377E+002	9.11893E+001	-2.75277E+001	-1.04373E+001
-1.04495E+002	2.58797E+001	4.06751E+002	7.19626E+001	-2.25227E+001	-6.53096E+000
-7.51976E+001	1.33793E+002	2.03131E+002	3.79040E+001	-1.43437E+001	-1.28178E+000
-1.36723E+001	1.52348E+002	1.38676E+002	-3.72326E+000	-1.03153E+001	-2.74667E+000
7.32444E+000	4.93179E+001	3.67687E+002	-4.74258E+001	2.07526E+000	-3.90637E+000
-1.29398E+002	-1.57231E+002	1.02103E+003	-8.43532E+001	2.33161E+001	-4.76089E+000
-2.49519E+002	-2.95907E+002	1.66411E+003	-8.69167E+001	3.23496E+001	-4.88296E-001
-2.34870E+002	-3.17881E+002	1.95074E+003	-4.46181E+001	1.17801E+001	4.82192E+000
-8.10572E+001	-2.90048E+002	1.89801E+003	5.61541E+000	-2.38044E+000	1.07425E+001
-8.25220E+001	-2.07526E+002	1.48735E+003	5.37126E+001	-1.26957E+001	3.96741E+000
-7.95923E+001	-1.00101E+002	9.71709E+002	7.97143E+001	-2.24006E+001	-2.62459E+000
-6.25019E+001	3.41807E+000	5.96698E+002	7.30613E+001	-2.24616E+001	-2.50252E+000
-4.78530E+001	9.27763E+001	3.44249E+002	4.80361E+001	-1.78838E+001	-5.49333E-001
1.61138E+001	1.40629E+002	1.93365E+002	1.46489E+001	-1.25736E+001	-2.19733E+000
8.30103E+000	1.09378E+002	1.36723E+002	-2.00201E+001	-4.45570E+000	-8.72829E+000
-1.66021E+002	-5.37126E+001	4.51674E+002	-6.84835E+001	8.54518E+000	-1.12918E+001
-2.77841E+002	-3.23252E+002	1.41411E+003	-1.12491E+002	3.47301E+001	3.47911E+000
-1.64068E+002	-4.31166E+002	2.17536E+003	-8.92361E+001	3.18613E+001	1.55034E+001
-8.83816E+001	-3.44249E+002	2.11286E+003	-1.01932E+001	-1.83111E-001	7.87378E+000
-3.17392E+001	-2.32429E+002	1.65484E+003	5.06607E+001	-1.39164E+001	2.99081E+000
-1.80670E+001	-1.55278E+002	1.12943E+003	8.22169E+001	-2.02033E+001	-5.31022E+000
-2.83212E+001	-6.98263E+001	6.86056E+002	8.75271E+001	-2.08136E+001	-1.11698E+001
-5.56658E+001	2.09967E+001	4.02844E+002	6.73238E+001	-1.34892E+001	-1.03763E+001
-4.58998E+001	1.22562E+002	2.02155E+002	3.24107E+001	-6.10370E+000	-6.10370E+000
-1.40141E+002	1.82134E+002	5.02945E+001	-1.04984E+001	-7.56859E+000	-9.15555E+000
-1.25980E+002	5.81072E+001	3.54015E+002	-6.56148E+001	3.05185E-001	1.22074E-001
-1.33793E+002	-2.54402E+002	1.32133E+003	-1.17557E+002	3.92468E+001	1.27567E+001
-2.57332E+002	-4.94644E+002	2.22126E+003	-1.03885E+002	4.18714E+001	1.38554E+001
-1.52837E+002	-3.56456E+002	2.07868E+003	-6.28681E+000	-9.09452E+000	7.75170E+000
7.32444E+000	-1.85553E+002	1.56255E+003	5.95721E+001	-2.95419E+001	2.31941E+000
-5.17594E+001	-1.21097E+002	1.12308E+003	7.90429E+001	-1.42216E+001	-5.85955E+000
-1.07913E+002	-5.27360E+001	7.97388E+002	8.31324E+001	-1.00101E+001	-6.34785E+000
-5.37126E+001	5.61541E+001	4.59975E+002	7.22678E+001	-1.62358E+001	-1.34281E+000
1.46489E+001	1.40141E+002	2.93466E+002	3.68664E+001	-1.12308E+001	-1.22074E+000
-2.39265E+001	1.68950E+002	1.61138E+002	1.28178E+000	-5.67644E+000	-8.30103E+000
-6.54317E+001	5.85955E+001	2.57820E+002	-4.04675E+001	-1.22074E-001	-8.72829E+000
-2.78817E+002	-1.34281E+002	8.66237E+002	-9.14945E+001	2.07526E+001	-2.31941E+000
-2.24128E+002	-2.44148E+002	1.58061E+003	-1.00650E+002	1.95929E+001	1.27567E+001
0.00000E+000	-2.78817E+002	2.00641E+003	-6.28681E+001	4.27259E+000	1.68462E+001
-2.19733E+001	-2.78329E+002	2.02203E+003	-6.40889E+000	-9.76592E-001	6.40889E+000
-1.61138E+001	-1.93854E+002	1.58696E+003	5.18204E+001	-1.25126E+001	3.66222E-001
-3.41807E+001	-8.83816E+001	1.05618E+003	8.34376E+001	-2.12409E+001	-5.00504E+000
-1.75787E+001	4.39467E+000	6.69454E+002	8.02026E+001	-1.98981E+001	-6.40889E+000
-4.58998E+001	7.08029E+001	4.12122E+002	5.61541E+001	-1.11698E+001	-5.18815E+000
-1.46489E+000	1.21586E+002	2.64168E+002	2.16681E+001	-2.92978E+000	-3.72326E+000
-8.15455E+001	9.61943E+001	2.04596E+002	-1.30009E+001	2.19733E+000	-1.07425E+001
-2.05573E+002	-1.80670E+001	3.49620E+002	-5.50554E+001	6.28681E+000	-9.21659E+000
-2.21686E+002	-1.91412E+002	1.02005E+003	-1.02298E+002	2.25227E+001	7.20237E+000
-7.08029E+001	-3.22764E+002	1.76910E+003	-1.02237E+002	2.11798E+001	1.54424E+001
6.34785E+000	-3.52550E+002	2.11872E+003	-5.17594E+001	9.52177E+000	8.66726E+000
1.56255E+001	-2.60750E+002	1.84625E+003	1.92877E+001	-3.05185E+000	-2.62459E+000
-1.70904E+001	-1.73833E+002	1.42631E+003	6.73238E+001	-1.58696E+001	-1.32450E+001
-9.57060E+001	-9.57060E+001	9.74151E+002	8.94803E+001	-1.80059E+001	-1.92267E+001
-1.32328E+002	-3.41807E+000	6.14765E+002	8.49025E+001	-1.46489E+001	-1.44047E+001
-8.05689E+001	8.64284E+001	4.14075E+002	5.42009E+001	-9.15555E+000	-4.82192E+000
-9.66826E+001	1.32817E+002	2.64657E+002	1.96539E+001	-4.63881E+000	-4.57778E+000
-1.31352E+002	1.20609E+002	1.69927E+002	-1.78838E+001	-4.51674E+000	-2.19733E+000
-1.82623E+002	-1.46489E+001	4.21888E+002	-6.98263E+001	6.89718E+000	5.18815E+000
-2.44148E+002	-2.36824E+002	1.22465E+003	-1.19755E+002	2.94809E+001	1.92877E+001
-8.78933E+000	-3.96985E+002	2.01862E+003	-1.07791E+002	3.10678E+001	3.39366E+001
3.46690E+001	-3.79406E+002	2.09821E+003	-2.97250E+001	3.17392E+000	1.50761E+001
3.46690E+001	-2.44148E+002	1.67144E+003	4.24818E+001	-1.92877E+001	-2.01422E+000
-9.76592E-001	-1.52837E+002	1.25639E+003	7.80053E+001	-1.87384E+001	-1.14139E+001
-1.31840E+002	-9.22880E+001	9.09207E+002	8.95413E+001	-1.47099E+001	-1.57476E+001
-1.06937E+002	1.95318E+001	5.42497E+002	8.19117E+001	-1.51372E+001	-6.28681E+000
-2.53914E+001	1.23051E+002	3.52062E+002	4.70595E+001	-1.66021E+001	-1.95318E+000
-4.19935E+001	1.72857E+002	2.17780E+002	9.27763E+000	-7.81274E+000	-3.90637E+000
-6.98263E+001	1.59185E+002	1.37700E+002	-2.52693E+001	-6.34785E+000	-5.00504E+000
-1.50395E+002	-2.05084E+001	4.05286E+002	-7.92261E+001	9.76592E+000	4.27259E-001
-1.89947E+002	-3.12510E+002	1.31791E+003	-1.33183E+002	4.76699E+001	1.66631E+001
-4.83413E+001	-4.71206E+002	2.08649E+003	-1.10599E+002	4.29090E+001	2.17292E+001
-7.56859E+001	-4.49721E+002	2.14362E+003	-2.47200E+001	4.08948E+000	6.10370E-001
-6.39668E+001	-3.12510E+002	1.75152E+003	4.62050E+001	-1.16581E+001	-6.53096E+000
-9.57060E+001	-1.87994E+002	1.23099E+003	8.52687E+001	-9.70489E+000	-8.78933E+000
-1.02054E+002	-8.05689E+001	8.42311E+002	9.36918E+001	-1.77618E+001	-1.20243E+001
-8.25220E+001	2.24616E+001	5.30290E+002	8.14234E+001	-1.80670E+001	-7.87378E+000
-2.78329E+001	1.32328E+002	3.27158E+002	4.93179E+001	-9.94903E+000	-6.10370E-002
-6.05487E+001	1.59185E+002	2.08502E+002	9.52177E+000	-2.19733E+000	-4.94400E+000
-1.50395E+002	9.86358E+001	2.00201E+002	-3.04575E+001	-2.19733E+000	-7.44652E+000
-2.96396E+002	-6.20136E+001	5.19547E+002	-8.22779E+001	7.87378E+000	-1.52593E+000
-2.47078E+002	-2.80282E+002	1.41997E+003	-1.29887E+002	2.82601E+001	2.36824E+001
5.32243E+001	-3.99426E+002	2.01129E+003	-1.01199E+002	3.22886E+001	3.84533E+001
-6.59200E+001	-4.37025E+002	2.08600E+003	-2.52693E+001	-6.10370E-001	5.85955E+000
-1.13285E+002	-3.27647E+002	1.70220E+003	4.64492E+001	-2.23395E+001	-6.40889E+000
-4.93179E+001	-1.85553E+002	1.23197E+003	9.00906E+001	-2.71004E+001	-9.09452E+000
-1.04007E+002	-9.47295E+001	8.45729E+002	1.00833E+002	-1.75787E+001	-1.19022E+001
-9.57060E+001	3.36924E+001	4.76577E+002	8.47804E+001	-7.44652E+000	-1.77007E+000
-2.44148E+001	1.08402E+002	3.76476E+002	4.48012E+001	-7.75170E+000	2.62459E+000
-4.44349E+001	1.47465E+002	2.29011E+002	1.11087E+001	-3.17392E+000	-3.90637E+000
-7.37327E+001	1.11332E+002	2.11921E+002	-2.54524E+001	-6.53096E+000	-8.17896E+000
-2.06549E+002	-3.71105E+001	4.87320E+002	-7.23289E+001	4.15052E+000	-5.12711E+000
-2.27058E+002	-2.36824E+002	1.25492E+003	-1.15177E+002	2.37434E+001	1.23295E+001
8.34986E+001	-3.22275E+002	1.86773E+003	-9.71709E+001	2.92367E+001	2.65511E+001
9.76592E-001	-3.56456E+002	1.97711E+003	-3.47911E+001	6.22578E+000	1.58696E+000
-1.04984E+002	-3.20811E+002	1.77496E+003	2.28889E+001	-7.01926E+000	-8.91140E+000
-9.27763E+001	-2.08502E+002	1.38237E+003	6.61641E+001	-6.22578E+000	-7.20237E+000
-1.38676E+002	-1.05472E+002	9.58525E+002	8.76492E+001	-1.59917E+001	-1.51372E+001
-1.56743E+002	6.34785E+000	6.16230E+002	8.11792E+001	-2.21564E+001	-1.24516E+001
-9.91241E+001	9.52177E+001	4.15052E+002	5.17594E+001	-1.51982E+001	-1.28178E+000
-7.47093E+001	1.32328E+002	2.86142E+002	1.58086E+001	-8.24000E+000	6.10370E-002
-3.51573E+001	9.61943E+001	2.78329E+002	-1.97150E+001	-2.31941E+000	4.88296E-001
-1.42582E+002	-4.34584E+001	4.69253E+002	-6.15253E+001	9.58281E+000	-1.15970E+000
-3.14463E+002	-2.07038E+002	1.04593E+003	-1.02542E+002	2.82601E+001	9.33866E+000
-1.33793E+002	-3.03232E+002	1.61431E+003	-9.97345E+001	2.16071E+001	2.98471E+001
6.10370E+001	-3.73547E+002	1.98688E+003	-5.81683E+001	-5.43229E+000	2.33772E+001
1.27445E+002	-3.25205E+002	1.88726E+003	1.95318E+000	-1.40385E+001	1.00711E+001
1.05472E+002	-2.49519E+002	1.52641E+003	5.19425E+001	-1.25126E+001	-4.39467E+000
-6.93381E+001	-1.86529E+002	1.13919E+003	8.06299E+001	-7.62963E+000	-1.95318E+001
-1.62603E+002	-9.32646E+001	7.33909E+002	9.04569E+001	-7.32444E+000	-1.98370E+001
-1.24516E+002	3.02744E+001	3.98450E+002	7.34886E+001	-1.30619E+001	-1.17801E+001
-8.44752E+001	1.11332E+002	2.63192E+002	3.24107E+001	-4.94400E+000	-8.54518E+000
-1.55278E+002	1.24027E+002	1.72857E+002	-6.34785E+000	3.72326E+000	-1.06204E+001
-2.61727E+002	2.53914E+001	2.78817E+002	-4.94400E+001	5.31022E+000	-5.92059E+000
-3.46690E+002	-1.91900E+002	8.94070E+002	-1.04740E+002	1.77007E+001	1.28178E+001
1.02542E+001	-3.88684E+002	1.81500E+003	-1.18900E+002	2.43538E+001	3.77209E+001
1.88971E+002	-4.08704E+002	2.14362E+003	-5.75579E+001	7.56859E+000	2.41096E+001
1.13773E+002	-3.12510E+002	1.83160E+003	2.09357E+001	-1.50151E+001	-6.34785E+000
-1.36723E+001	-2.29987E+002	1.43168E+003	6.34785E+001	-6.83615E+000	-1.79449E+001
-1.87994E+002	-1.87017E+002	1.10990E+003	8.27052E+001	2.07526E+000	-2.30110E+001
-2.20710E+002	-7.86157E+001	7.29026E+002	9.36308E+001	-7.08029E+000	-1.58696E+001
-9.61943E+001	6.10370E+001	4.06751E+002	7.58080E+001	-1.96539E+001	-7.20237E+000
-7.47093E+001	1.57720E+002	2.33894E+002	3.67443E+001	-1.46489E+001	-8.91140E+000
-1.45024E+002	1.68950E+002	1.53325E+002	-3.66222E+000	-5.00504E+000	-9.27763E+000
-1.21586E+002	4.98062E+001	2.97372E+002	-5.11490E+001	2.86874E+000	-9.76592E-001
-2.40730E+002	-1.48442E+002	9.17997E+002	-1.03885E+002	1.98370E+001	5.92059E+000
-1.27934E+002	-3.01767E+002	1.61040E+003	-1.11515E+002	2.17292E+001	2.09357E+001
5.37126E+001	-3.92102E+002	2.04059E+003	-6.98263E+001	1.53813E+001	2.27668E+001
2.24616E+001	-3.50108E+002	1.92486E+003	0.00000E+000	-2.56355E+000	2.80770E+000
-2.05084E+001	-2.45125E+002	1.53569E+003	5.38347E+001	-1.13529E+001	-9.58281E+000
-1.29887E+002	-1.57231E+002	1.11087E+003	8.30103E+001	-1.16581E+001	-1.89215E+001
-1.87994E+002	-6.34785E+001	7.47093E+002	8.97244E+001	-8.78933E+000	-1.30619E+001
-1.05960E+002	6.10370E+001	4.21400E+002	7.12302E+001	-1.29398E+001	-2.44148E+000
-6.25019E+001	1.29398E+002	3.31553E+002	2.97250E+001	-1.45878E+001	-3.96741E+000
-9.61943E+001	1.49419E+002	2.02155E+002	-4.76089E+000	-4.33363E+000	-5.98163E+000
-1.46977E+002	2.83212E+001	3.03720E+002	-4.80361E+001	5.00504E+000	-4.63881E+000
-3.22275E+002	-1.70904E+002	8.66237E+002	-1.01749E+002	2.10578E+001	1.83111E+000
-2.88095E+002	-3.25205E+002	1.55620E+003	-1.14383E+002	1.95929E+001	2.08747E+001
1.02542E+001	-3.81359E+002	1.95660E+003	-7.17185E+001	-4.88296E+000	3.22886E+001
1.70415E+002	-3.43760E+002	1.93561E+003	-9.76592E+000	-1.77618E+001	1.90435E+001
5.66424E+001	-2.91513E+002	1.65093E+003	4.50453E+001	-1.94708E+001	-5.79852E+000
-5.76189E+001	-2.20222E+002	1.29008E+003	8.26441E+001	-2.35603E+001	-1.94098E+001
-8.44752E+001	-1.04495E+002	8.70144E+002	1.00955E+002	-2.37434E+001	-1.75176E+001
-6.73849E+001	4.05286E+001	4.40443E+002	9.12503E+001	-2.39265E+001	-9.94903E+000
-2.34382E+001	1.44536E+002	2.77352E+002	4.69375E+001	-1.75176E+001	-3.84533E+000
-1.46489E+001	1.80670E+002	1.60649E+002	5.24918E+000	-6.16474E+000	-3.54015E+000
-5.02945E+001	8.39869E+001	1.96295E+002	-3.62560E+001	7.93481E-001	-6.10370E+000
-2.80770E+002	-1.00589E+002	5.86444E+002	-8.73440E+001	2.41096E+001	-5.49333E-001
-2.08991E+002	-2.63192E+002	1.33988E+003	-1.20548E+002	3.46690E+001	2.19733E+001
8.00806E+001	-3.69640E+002	1.92242E+003	-9.49126E+001	2.31330E+001	3.12510E+001
1.13285E+002	-3.98938E+002	2.04694E+003	-3.32041E+001	6.40889E+000	9.27763E+000
-7.66625E+001	-3.39366E+002	1.72076E+003	3.03354E+001	-3.90637E+000	-1.04984E+001
-8.54518E+001	-2.44148E+002	1.33793E+003	7.00095E+001	-1.11087E+001	-1.06815E+001
-1.14261E+002	-1.41606E+002	9.51689E+002	9.17386E+001	-1.89215E+001	-1.28178E+001
-6.88498E+001	-2.00201E+001	6.07929E+002	9.27763E+001	-2.71615E+001	-1.01932E+001
5.37126E+000	1.05472E+002	3.21299E+002	6.73849E+001	-2.00812E+001	-2.31941E+000
3.22275E+001	1.72857E+002	1.75787E+002	1.98370E+001	-4.21155E+000	-4.76089E+000
-1.95318E+000	1.16703E+002	1.84088E+002	-2.54524E+001	6.22578E+000	-1.04984E+001
-1.48442E+002	-5.22477E+001	4.57045E+002	-7.08640E+001	2.28889E+001	-1.37333E+001
-3.57433E+002	-2.40730E+002	1.19193E+003	-1.14322E+002	3.97351E+001	-3.11289E+000
-1.02542E+002	-3.27158E+002	1.87213E+003	-9.93072E+001	2.57576E+001	1.81280E+001
-4.19935E+001	-3.27647E+002	2.02008E+003	-4.33363E+001	0.00000E+000	1.12308E+001
-8.05689E+001	-3.54503E+002	2.03668E+003	3.23496E+000	-9.70489E+000	6.04266E+000
-8.15455E+001	-3.16416E+002	1.71978E+003	5.76189E+001	-1.85553E+001	5.55437E+000
-3.90637E+001	-2.22663E+002	1.23881E+003	1.03397E+002	-3.76598E+001	-8.54518E-001
-1.75787E+001	-8.64284E+001	6.46504E+002	1.19510E+002	-4.24207E+001	-6.53096E+000
-2.14850E+001	5.02945E+001	2.27546E+002	9.61943E+001	-3.68053E+001	-6.65304E+000
1.95318E+001	1.46489E+002	-8.30103E+000	5.12711E+001	-1.91046E+001	-6.89718E+000
3.80871E+001	1.89947E+002	-1.83111E+002	2.50252E+000	-7.56859E+000	-1.29398E+001
-4.88296E+001	8.49635E+001	-1.62114E+002	-5.54827E+001	7.38548E+000	-1.44658E+001
-3.09580E+002	-1.88971E+002	5.48357E+002	-1.29337E+002	4.02844E+001	-1.77007E+000
-2.05573E+002	-3.72082E+002	1.64214E+003	-1.50517E+002	5.45671E+001	1.80059E+001
-1.25980E+002	-3.96985E+002	2.19977E+003	-1.10660E+002	3.99792E+001	1.81890E+001
-6.59200E+001	-4.08216E+002	2.39509E+003	-5.44450E+001	1.72124E+001	1.61748E+001
3.61339E+001	-3.86731E+002	2.14557E+003	1.39775E+001	-8.30103E+000	1.34281E+001
-7.81274E+000	-3.99915E+002	1.66460E+003	7.56859E+001	-3.25327E+001	2.44148E-001
-5.66424E+001	-3.10556E+002	1.03568E+003	1.11942E+002	-4.57778E+001	-9.39970E+000
-4.63881E+001	-1.55766E+002	4.71206E+002	1.14872E+002	-4.18104E+001	-1.25736E+001
-7.76391E+001	-3.41807E+000	1.01566E+002	9.00906E+001	-3.11899E+001	-1.18412E+001
2.14850E+001	1.24027E+002	-5.66424E+001	4.26038E+001	-9.46074E+000	-4.33363E+000
3.27158E+001	1.71392E+002	-1.62603E+002	-6.77511E+000	6.53096E+000	-1.07425E+001
-1.86529E+002	6.49434E+001	-1.85553E+001	-6.32954E+001	2.13019E+001	-1.46489E+001
-3.85266E+002	-2.08502E+002	7.37327E+002	-1.23722E+002	4.75478E+001	1.03763E+000
-2.25105E+002	-4.01379E+002	1.81109E+003	-1.39714E+002	6.43941E+001	2.17902E+001
-1.27934E+002	-4.58998E+002	2.39412E+003	-9.08231E+001	3.24107E+001	1.45878E+001
-1.31840E+001	-4.09192E+002	2.43220E+003	-1.98370E+001	-1.52593E+000	1.30619E+001
6.54317E+001	-3.34971E+002	1.98444E+003	5.04776E+001	-2.67342E+001	7.26341E+000
-6.88498E+001	-2.96884E+002	1.43852E+003	9.51567E+001	-4.37025E+001	-8.78933E+000
-1.38676E+002	-2.53914E+002	9.52177E+002	1.10599E+002	-4.08948E+001	-9.33866E+000
-1.28422E+002	-1.45024E+002	4.61440E+002	1.10538E+002	-4.10779E+001	-7.20237E+000
-8.10572E+001	3.90637E+000	6.88498E+001	8.40480E+001	-3.35704E+001	-4.08948E+000
1.07425E+001	1.44047E+002	-1.96783E+002	4.19935E+001	-1.81280E+001	-4.82192E+000
3.90637E+000	2.32429E+002	-3.59386E+002	-1.12308E+001	-5.49333E+000	-6.34785E+000
-1.51372E+001	1.08890E+002	-1.34770E+002	-7.73339E+001	1.74566E+001	-2.92978E+000
-2.32429E+002	-2.71981E+002	7.54906E+002	-1.43498E+002	5.37126E+001	1.22074E+000
-3.55480E+002	-5.07340E+002	1.86773E+003	-1.54851E+002	6.09760E+001	6.83615E+000
-2.10456E+002	-5.25895E+002	2.48347E+003	-1.01382E+002	3.12510E+001	1.29398E+001
6.10370E+001	-5.13688E+002	2.77743E+003	-3.70495E+001	6.71407E+000	2.20954E+001
1.61626E+002	-4.21400E+002	2.24714E+003	5.59709E+001	-2.83212E+001	1.04373E+001
4.15052E+001	-3.35459E+002	1.50102E+003	1.12125E+002	-4.83413E+001	-1.04373E+001
-1.67486E+002	-2.82723E+002	8.73074E+002	1.28483E+002	-4.18104E+001	-1.84942E+001
-2.02643E+002	-1.51860E+002	2.66121E+002	1.23478E+002	-3.16782E+001	-7.01926E+000
-1.02542E+002	4.19935E+001	-2.15339E+002	8.92972E+001	-2.27058E+001	4.39467E+000
1.95318E+001	1.94342E+002	-5.19059E+002	3.65001E+001	-1.14750E+001	3.60118E+000
8.25220E+001	2.14362E+002	-4.91226E+002	-3.50352E+001	6.10370E+000	3.05185E-001
9.13114E+001	-4.54115E+001	1.10355E+002	-1.08402E+002	3.77209E+001	-3.23496E+000
-3.16904E+002	-4.23353E+002	1.19779E+003	-1.51799E+002	6.54317E+001	-1.36723E+001
-4.17493E+002	-5.21500E+002	2.10797E+003	-1.37944E+002	6.22578E+001	-2.38044E+000
-2.52937E+002	-4.05286E+002	2.34919E+003	-6.83615E+001	2.26447E+001	5.61541E+000
-6.83615E+000	-3.97961E+002	2.48250E+003	-2.08136E+001	9.15555E-001	1.59307E+001
2.58797E+001	-4.32630E+002	2.21540E+003	4.81582E+001	-1.99591E+001	5.92059E+000
-1.47465E+002	-3.90637E+002	1.55083E+003	1.07181E+002	-4.31532E+001	-9.15555E+000
-2.19245E+002	-2.76864E+002	8.03735E+002	1.29337E+002	-4.64492E+001	-4.94400E+000
-1.64556E+002	-9.61943E+001	1.37211E+002	1.21525E+002	-4.78530E+001	2.92978E+000
9.91241E+001	1.08890E+002	-2.27546E+002	8.16675E+001	-3.98572E+001	1.00711E+001
2.12409E+002	2.12409E+002	-3.84289E+002	2.43538E+001	-1.07425E+001	1.40385E+000
5.66424E+001	1.66021E+002	-3.24229E+002	-3.85144E+001	1.55034E+001	-1.41606E+001
-2.13874E+002	-1.04984E+002	3.13486E+002	-1.01871E+002	4.04675E+001	-1.86773E+001
-3.43760E+002	-3.02744E+002	1.25248E+003	-1.33000E+002	5.72527E+001	-6.89718E+000
-2.97861E+002	-3.11045E+002	1.94000E+003	-1.17740E+002	4.23597E+001	2.56355E+000
-1.16703E+002	-3.48155E+002	2.38435E+003	-7.38548E+001	2.13019E+001	8.85037E+000
9.27763E+000	-5.02457E+002	2.67928E+003	-2.54524E+001	3.17392E+000	1.67852E+001
-4.83413E+001	-4.34584E+002	2.02887E+003	6.56148E+001	-2.52693E+001	3.11289E+000
-2.30964E+002	-3.20811E+002	1.21879E+003	1.14200E+002	-3.76598E+001	-8.24000E+000
-2.35847E+002	-1.95807E+002	6.45039E+002	1.15299E+002	-3.54015E+001	2.07526E+000
-5.61541E+001	-5.81072E+001	2.46590E+002	9.83917E+001	-3.33262E+001	1.43437E+001
1.07425E+002	6.73849E+001	-5.66424E+001	6.90329E+001	-2.37434E+001	9.70489E+000
1.37700E+002	2.15339E+002	-3.15439E+002	2.63680E+001	-1.14750E+001	-1.34281E+000
5.81072E+001	2.19733E+002	-2.94931E+002	-3.52184E+001	1.43437E+001	-7.32444E+000
-1.17679E+002	-5.46892E+001	3.17881E+002	-9.91241E+001	4.05896E+001	-8.48415E+000
-3.14463E+002	-2.91513E+002	1.14847E+003	-1.27384E+002	5.38957E+001	-5.31022E+000
-3.34971E+002	-3.34483E+002	1.70952E+003	-1.18839E+002	4.04065E+001	-2.25837E+000
-3.01279E+002	-3.41319E+002	2.01520E+003	-7.94702E+001	1.82501E+001	-1.22074E+000
-1.57720E+002	-5.32731E+002	2.48592E+003	-5.53606E+001	1.17801E+001	1.87384E+001
2.92978E+001	-5.78631E+002	2.39460E+003	1.90435E+001	-1.23905E+001	1.89215E+001
-6.83615E+000	-4.00403E+002	1.58159E+003	1.00223E+002	-4.70595E+001	-2.50252E+000
-1.24516E+002	-2.55867E+002	8.39381E+002	1.27262E+002	-5.35295E+001	-1.14139E+001
-1.88482E+002	-1.16703E+002	3.31065E+002	1.18595E+002	-4.77920E+001	-7.75170E+000
-3.61339E+001	6.34785E+001	1.02542E+001	8.92972E+001	-3.72936E+001	2.50252E+000
1.14261E+002	1.46001E+002	-2.39265E+001	5.02335E+001	-1.78838E+001	-3.41807E+000
-6.83615E+000	2.34870E+002	-2.35359E+002	2.47810E+001	-6.04266E+000	-1.67852E+001
-9.27763E+001	1.70415E+002	-1.91900E+002	-3.33262E+001	1.34281E+001	-9.76592E+000
-1.99713E+002	-8.44752E+001	5.78631E+002	-1.22196E+002	5.98163E+001	6.71407E+000
-3.14951E+002	-4.02844E+002	1.86236E+003	-1.72308E+002	6.76290E+001	5.85955E+000
-2.00690E+002	-5.84490E+002	2.87460E+003	-1.20548E+002	3.90027E+001	8.11792E+000
-5.22477E+001	-4.83901E+002	2.73836E+003	-1.59917E+001	3.05185E-001	1.10477E+001
-1.46489E+000	-3.03232E+002	1.93121E+003	7.70898E+001	-4.19324E+001	1.83111E+000
-7.32444E+001	-1.87017E+002	1.19340E+003	1.10904E+002	-5.68255E+001	-1.11087E+001
-1.96783E+002	-1.74810E+002	7.86645E+002	1.07913E+002	-4.80972E+001	-1.03153E+001
-1.22562E+002	-2.97861E+001	2.85165E+002	1.01138E+002	-4.15052E+001	2.68563E+000
-3.85754E+001	7.22678E+001	-5.71306E+001	7.35496E+001	-3.32652E+001	2.44148E-001
2.09967E+001	1.90924E+002	-3.35459E+002	2.98471E+001	-1.73345E+001	2.31941E+000
1.90435E+002	2.08991E+002	-3.69152E+002	-2.90536E+001	6.89718E+000	6.46992E+000
1.19633E+002	-6.83615E+000	1.10843E+002	-9.83917E+001	4.54115E+001	-1.34281E+000
-2.65633E+002	-3.03232E+002	1.01419E+003	-1.50945E+002	7.95923E+001	-8.85037E+000
-4.70717E+002	-4.85366E+002	2.00104E+003	-1.51006E+002	6.60421E+001	-2.68563E+000
-3.10068E+002	-4.50209E+002	2.43757E+003	-8.34986E+001	2.60018E+001	9.46074E+000
-5.71306E+001	-4.32630E+002	2.52986E+003	-2.76498E+001	-3.11289E+000	1.98370E+001
1.39653E+002	-3.62316E+002	2.09821E+003	4.80972E+001	-2.74056E+001	1.29398E+001
-1.41606E+001	-2.93954E+002	1.48100E+003	9.99786E+001	-4.10169E+001	-9.27763E+000
-1.57231E+002	-2.23151E+002	9.76104E+002	1.16214E+002	-3.85754E+001	-1.22684E+001
-1.00589E+002	-1.34770E+002	5.67400E+002	1.15055E+002	-3.38145E+001	-1.03763E+000
5.46892E+001	8.78933E+000	1.54790E+002	1.02481E+002	-3.22275E+001	-3.54015E+000
3.56456E+001	1.54790E+002	-2.99326E+002	7.23899E+001	-2.81991E+001	-1.73345E+001
2.88095E+001	2.83212E+002	-5.58611E+002	1.12918E+001	-1.20853E+001	-1.63579E+001
9.76592E+001	1.68462E+002	-3.09091E+002	-7.25730E+001	2.39265E+001	-7.01926E+000
-2.26569E+002	-1.94342E+002	4.63881E+002	-1.45695E+002	5.05387E+001	-1.72735E+001
-4.27259E+002	-5.33219E+002	1.81695E+003	-1.84515E+002	5.78631E+001	-6.46992E+000
-2.16803E+002	-6.21113E+002	2.77108E+003	-1.29215E+002	4.72427E+001	1.53203E+001
-1.01566E+002	-4.59487E+002	2.67342E+003	-2.80770E+001	-1.34281E+000	6.28681E+000
-7.81274E+000	-3.02744E+002	2.11969E+003	4.57778E+001	-2.76498E+001	8.42311E+000
-1.14750E+002	-2.53914E+002	1.57817E+003	9.14335E+001	-4.38246E+001	-2.31941E+000
-2.29011E+002	-2.37312E+002	1.04105E+003	1.14689E+002	-5.05997E+001	-1.83111E+000
-1.03519E+002	-1.66997E+002	4.67299E+002	1.18290E+002	-5.48112E+001	1.19633E+001
6.39668E+001	9.27763E+000	-1.23051E+002	1.03519E+002	-5.17594E+001	6.89718E+000
1.76763E+002	1.63579E+002	-4.33119E+002	5.49944E+001	-2.65511E+001	-8.54518E-001
1.01077E+002	1.84576E+002	-3.71105E+002	-1.40996E+001	1.81890E+001	-6.46992E+000
-1.02542E+002	-1.70904E+001	9.57060E+001	-7.45872E+001	4.51064E+001	-1.16581E+001
-3.12021E+002	-2.97861E+002	8.52565E+002	-1.15360E+002	6.80563E+001	-4.57778E+000
-5.31266E+002	-3.48155E+002	1.51714E+003	-1.29215E+002	7.22678E+001	5.98163E+000
-2.66610E+002	-2.53426E+002	2.19343E+003	-1.07730E+002	4.04065E+001	2.54524E+001
1.58208E+002	-3.38389E+002	2.64949E+003	-6.27461E+001	5.00504E+000	2.91757E+001
2.61727E+002	-4.02356E+002	2.50642E+003	1.06815E+001	-1.06204E+001	2.19733E+001
3.80871E+001	-3.36436E+002	1.80523E+003	8.70388E+001	-3.42418E+001	-5.43229E+000
-2.72958E+002	-2.43660E+002	1.05325E+003	1.27262E+002	-5.29191E+001	-2.14240E+001
-2.66121E+002	-1.29398E+002	5.25895E+002	1.24882E+002	-4.58998E+001	-3.54015E+000
-5.81072E+001	1.75787E+001	5.90838E+001	1.10538E+002	-3.47301E+001	1.83111E+000
1.36723E+001	1.24516E+002	-2.65633E+002	7.31223E+001	-2.11188E+001	-7.44652E+000
-2.05084E+001	2.06549E+002	-4.83901E+002	1.64800E+001	5.79852E+000	-8.72829E+000
4.39467E+001	1.14261E+002	-2.14850E+002	-5.63982E+001	3.11899E+001	-2.31941E+000
-7.81274E+000	-1.29398E+002	4.67299E+002	-1.18717E+002	5.75579E+001	-3.66222E+000
-2.74911E+002	-2.97372E+002	1.23197E+003	-1.46794E+002	6.90329E+001	-1.19633E+001
-4.25794E+002	-4.16028E+002	2.20124E+003	-1.37638E+002	6.33564E+001	-8.42311E+000
-3.44737E+002	-3.96985E+002	2.69198E+003	-8.02026E+001	3.04575E+001	1.40385E+000
-1.09867E+002	-4.64858E+002	2.77450E+003	-5.98163E+000	-1.00101E+001	1.15360E+001
-3.02744E+001	-3.24717E+002	1.92193E+003	8.73440E+001	-3.97351E+001	3.96741E+000
-2.06061E+002	-2.17292E+002	1.11332E+003	1.26408E+002	-5.32853E+001	-1.55034E+001
-3.20811E+002	-1.31840E+002	5.63005E+002	1.25980E+002	-5.14542E+001	-9.58281E+000
-1.90435E+002	-1.02542E+001	1.52348E+002	1.06143E+002	-4.21766E+001	5.98163E+000
-2.97861E+001	7.76391E+001	-2.04596E+002	7.45262E+001	-3.25327E+001	6.46992E+000
1.05960E+002	2.07526E+002	-4.19446E+002	2.39265E+001	-1.63579E+001	1.83111E+000
1.38676E+002	2.13874E+002	-2.88095E+002	-4.09558E+001	1.47710E+001	-2.68563E+000
5.42009E+001	-5.81072E+001	2.30476E+002	-1.04678E+002	5.00504E+001	-7.93481E+000
-3.17392E+002	-3.86731E+002	1.21049E+003	-1.53325E+002	7.10471E+001	-2.08747E+001
-5.79119E+002	-4.85366E+002	2.06207E+003	-1.50029E+002	6.09760E+001	-1.15360E+001
-2.47078E+002	-3.48643E+002	2.44881E+003	-8.00806E+001	2.19733E+001	1.43437E+001
-4.93179E+001	-3.81848E+002	2.56795E+003	-2.69784E+001	-1.39164E+001	1.41606E+001
-5.95721E+001	-3.77453E+002	2.08161E+003	5.16984E+001	-3.15561E+001	4.51674E+000
-2.21686E+002	-2.96396E+002	1.42875E+003	1.07608E+002	-4.21155E+001	-6.04266E+000
-2.88095E+002	-1.80670E+002	8.35963E+002	1.23234E+002	-4.53505E+001	6.10370E-001
-1.61138E+002	-3.85754E+001	4.36048E+002	1.13163E+002	-4.74868E+001	1.22074E+001
-2.63680E+001	6.83615E+001	4.54115E+001	9.85748E+001	-4.47401E+001	4.15052E+000
6.15253E+001	1.96783E+002	-2.58797E+002	5.88397E+001	-2.97861E+001	-7.32444E-001
1.15726E+002	2.25593E+002	-3.59874E+002	-1.22074E+000	-3.17392E+000	-2.19733E+000
1.05472E+002	6.15253E+001	-6.15253E+001	-6.64693E+001	3.39366E+001	-1.34281E+000
-3.56456E+001	-2.18757E+002	6.19648E+002	-1.18717E+002	6.25019E+001	-1.04373E+001
-3.81848E+002	-3.28135E+002	1.27543E+003	-1.34037E+002	6.25019E+001	-2.46590E+001
-4.36537E+002	-3.04697E+002	1.95123E+003	-1.18168E+002	5.26749E+001	-1.22684E+001
-3.42296E+002	-2.58309E+002	2.21296E+003	-8.17896E+001	2.96640E+001	2.31941E+000
-1.03519E+002	-3.90637E+002	2.51717E+003	-4.31532E+001	-5.49333E-001	2.04474E+001
3.07627E+001	-4.05286E+002	2.18415E+003	2.86874E+001	-2.63070E+001	1.93487E+001
-9.76592E+001	-3.48155E+002	1.59771E+003	9.14335E+001	-6.14643E+001	-5.67644E+000
-1.90924E+002	-2.28523E+002	9.47783E+002	1.24149E+002	-6.66524E+001	-1.04984E+001
-1.70904E+002	-9.96124E+001	5.10269E+002	1.19572E+002	-5.24308E+001	-3.11289E+000
-1.30375E+002	7.81274E+000	1.66021E+002	1.01932E+002	-4.01624E+001	-6.59200E+000
-3.71105E+001	1.31840E+002	-1.61138E+002	7.14743E+001	-2.71004E+001	-5.55437E+000
8.30103E+000	2.03131E+002	-3.53038E+002	1.91046E+001	-5.98163E+000	-2.50252E+000
9.42412E+001	1.43559E+002	-2.91025E+002	-4.22376E+001	1.96539E+001	2.74667E+000
6.34785E+001	-1.07913E+002	1.96295E+002	-1.08707E+002	4.88296E+001	-1.09867E+000
-2.78329E+002	-4.01868E+002	1.17045E+003	-1.53447E+002	6.65304E+001	-1.39164E+001
-4.87320E+002	-4.72671E+002	1.98981E+003	-1.43437E+002	5.47502E+001	-6.53096E+000
-3.02255E+002	-4.51674E+002	2.49373E+003	-9.21659E+001	2.33161E+001	1.33061E+001
8.20338E+001	-4.33607E+002	2.63240E+003	-2.99692E+001	-7.26341E+000	2.71615E+001
2.08991E+002	-3.54991E+002	2.15729E+003	5.23087E+001	-2.97861E+001	1.33671E+001
-4.58998E+001	-3.14951E+002	1.53374E+003	1.04862E+002	-4.22987E+001	-1.21464E+001
-2.66610E+002	-2.32917E+002	9.80987E+002	1.24577E+002	-4.26649E+001	-1.22074E+001
-2.67098E+002	-6.44551E+001	4.79019E+002	1.19755E+002	-4.16883E+001	2.86874E+000
-1.40629E+002	7.61742E+001	1.33305E+002	9.90631E+001	-4.08948E+001	4.02844E+000
-3.36924E+001	1.66997E+002	-1.36723E+002	6.43941E+001	-3.27769E+001	4.33363E+000
5.27360E+001	2.40242E+002	-3.58409E+002	1.73345E+001	-1.14139E+001	9.58281E+000
1.49907E+002	1.60161E+002	-4.01868E+002	-3.52794E+001	1.43437E+001	9.46074E+000
-5.85955E+000	-1.54302E+002	1.41606E+001	-1.11332E+002	5.98773E+001	-3.17392E+000
-4.41908E+002	-4.62905E+002	1.28617E+003	-1.77435E+002	9.03958E+001	-1.40996E+001
-3.06650E+002	-6.25507E+002	2.72225E+003	-1.63030E+002	6.81173E+001	1.21464E+001
1.52348E+002	-3.81848E+002	2.68905E+003	-5.02335E+001	2.24616E+001	2.02033E+001
-7.32444E+000	-3.06162E+002	2.33210E+003	1.55644E+001	-2.05084E+001	-7.93481E+000
-1.94342E+002	-2.38289E+002	1.70513E+003	6.84225E+001	-4.41298E+001	-1.17191E+001
-2.16803E+002	-2.16315E+002	1.30229E+003	8.81375E+001	-5.18204E+001	-5.31022E+000
-1.61626E+002	-1.56255E+002	9.22880E+002	9.91241E+001	-4.87686E+001	3.84533E+000
-5.12711E+001	-5.85955E+001	5.88397E+002	9.76592E+001	-4.61440E+001	9.15555E-001
-2.68563E+001	3.32041E+001	2.51473E+002	8.96634E+001	-3.57067E+001	-9.46074E+000
3.95520E+001	1.59673E+002	-5.17594E+001	6.39058E+001	-1.78228E+001	-8.54518E+000
1.85553E+001	2.58797E+002	-2.61727E+002	2.10578E+001	2.62459E+000	-1.03153E+001
-5.07828E+001	2.16803E+002	-3.55968E+002	-2.80160E+001	1.74566E+001	-1.33061E+001
-1.46001E+002	-9.71709E+001	1.38188E+002	-1.05594E+002	4.77920E+001	-6.83615E+000
-2.62703E+002	-4.26771E+002	1.20414E+003	-1.58513E+002	6.79342E+001	-2.13630E+000
-2.97372E+002	-5.30778E+002	2.17194E+003	-1.46062E+002	5.37736E+001	4.51674E+000
-1.37211E+002	-3.26182E+002	2.36140E+003	-7.17185E+001	2.97250E+001	1.45878E+001
3.75988E+001	-3.03232E+002	2.34040E+003	-1.88604E+001	-2.13630E+000	1.78228E+001
1.73833E+002	-3.04697E+002	2.05231E+003	4.00403E+001	-1.20853E+001	1.80059E+001
-5.56658E+001	-2.74911E+002	1.52202E+003	9.54619E+001	-2.09357E+001	-5.18815E+000
-2.51473E+002	-1.78228E+002	9.25321E+002	1.20426E+002	-1.87384E+001	-4.76089E+000
-1.39653E+002	-2.58797E+001	5.75213E+002	1.08463E+002	-1.70293E+001	7.01926E+000
-5.51775E+001	1.09867E+002	2.83700E+002	9.44853E+001	-1.31230E+001	-2.92978E+000
-5.81072E+001	2.77352E+002	-2.88095E+001	6.97043E+001	-7.44652E+000	-1.26957E+001
-1.39653E+002	3.42784E+002	-1.73833E+002	1.68462E+001	4.82192E+000	-1.33671E+001
-1.14261E+002	1.82134E+002	6.49434E+001	-4.87686E+001	2.01422E+001	-1.83111E-001
-5.17594E+001	-4.15052E+001	6.29414E+002	-9.83306E+001	3.50352E+001	3.78430E+000
-2.35359E+002	-1.95318E+002	1.05374E+003	-1.09073E+002	2.83822E+001	-1.28788E+001
-2.09967E+002	-2.28523E+002	1.40580E+003	-9.24100E+001	1.48930E+001	-1.42827E+001
-2.48054E+002	-1.93854E+002	1.68023E+003	-8.27662E+001	8.05689E+000	-1.28788E+001
-1.79205E+002	-3.12998E+002	2.12604E+003	-6.43941E+001	1.67241E+001	6.59200E+000
-4.73647E+001	-3.61339E+002	2.10553E+003	-3.29600E+000	4.45570E+000	1.07425E+001
-7.22678E+001	-2.88095E+002	1.66997E+003	6.12812E+001	-2.76498E+001	-8.66726E+000
-1.32817E+002	-1.48930E+002	1.12162E+003	1.01138E+002	-3.41807E+001	-1.42216E+001
-1.49419E+002	4.88296E+000	6.27461E+002	1.09317E+002	-2.75277E+001	-1.23295E+001
-1.34770E+002	1.52837E+002	2.59285E+002	8.22779E+001	-2.37434E+001	-1.22074E+001
-1.22562E+002	1.90435E+002	2.23640E+002	3.59508E+001	-1.96539E+001	-1.49541E+001
-1.27445E+002	1.65532E+002	1.76763E+002	-2.62459E+000	-1.83111E+000	-9.58281E+000
-1.53325E+002	2.92978E+001	3.09091E+002	-4.41298E+001	7.69066E+000	-5.18815E+000
-1.68950E+002	-9.76592E+001	6.61153E+002	-8.52077E+001	2.00201E+001	2.38044E+000
-4.78530E+001	-1.34281E+002	1.05472E+003	-9.64995E+001	1.56255E+001	3.11289E+000
-7.12912E+001	-2.27546E+002	1.55766E+003	-1.03702E+002	1.86163E+001	-1.89215E+000
-1.42582E+002	-3.66222E+002	1.96735E+003	-7.83105E+001	2.27058E+001	1.22074E-001
-1.15726E+002	-3.85266E+002	2.00201E+003	-2.30720E+001	8.48415E+000	2.13630E+000
-9.47295E+001	-3.20322E+002	1.68218E+003	3.94910E+001	-1.34892E+001	-3.41807E+000
-1.19144E+002	-2.24616E+002	1.31400E+003	7.87378E+001	-1.99591E+001	-9.82696E+000
-1.97760E+002	-1.14750E+002	9.25810E+002	9.85748E+001	-2.34382E+001	-1.43437E+001
-1.79693E+002	4.88296E+000	5.30290E+002	9.92462E+001	-2.86874E+001	-8.72829E+000
-1.04007E+002	1.43071E+002	2.60750E+002	6.15864E+001	-2.28278E+001	1.28178E+000
-3.41807E+001	1.75787E+002	1.92389E+002	1.31840E+001	-1.17191E+001	3.05185E+000
7.91040E+001	1.31840E+002	2.19245E+002	-2.42927E+001	-4.94400E+000	3.54015E+000
3.46690E+001	-2.34382E+001	4.56557E+002	-6.33564E+001	1.26957E+001	-1.95318E+000
-1.70415E+002	-1.84088E+002	9.71709E+002	-1.09622E+002	3.58287E+001	-5.06607E+000
-2.92978E+002	-3.56944E+002	1.64165E+003	-1.17862E+002	3.34483E+001	2.44148E-001
-2.19245E+002	-4.56069E+002	2.09088E+003	-7.69677E+001	2.53914E+001	1.36113E+001
-6.10370E+001	-4.17982E+002	2.04498E+003	-6.65304E+000	3.72326E+000	1.43437E+001
-6.59200E+001	-3.03232E+002	1.63140E+003	6.06098E+001	-2.14850E+001	2.13630E+000
-1.24516E+002	-2.01178E+002	1.16556E+003	9.79644E+001	-2.92978E+001	-7.08029E+000
-1.88971E+002	-7.27561E+001	7.26585E+002	1.09928E+002	-2.84433E+001	-5.37126E+000
-1.01077E+002	8.49635E+001	3.42296E+002	9.39360E+001	-2.83822E+001	4.33363E+000
-3.32041E+001	1.73833E+002	2.04596E+002	4.94400E+001	-2.08136E+001	2.07526E+000
-1.46489E+001	1.96295E+002	7.56859E+001	9.88800E+000	-1.42216E+001	-1.70904E+000
1.85553E+001	8.39869E+001	1.68462E+002	-4.17493E+001	-6.71407E-001	-9.76592E-001
-9.91241E+001	-9.76592E+001	6.55782E+002	-9.80255E+001	2.44758E+001	-5.49333E-001
-2.08502E+002	-2.65145E+002	1.34233E+003	-1.23234E+002	3.34483E+001	-2.44148E-001
-1.75298E+002	-3.80871E+002	1.87164E+003	-9.86358E+001	2.56355E+001	7.38548E+000
-3.12510E+001	-4.04309E+002	2.05231E+003	-4.24207E+001	7.99585E+000	1.07425E+001
-4.05286E+001	-3.60363E+002	1.88336E+003	1.66021E+001	-2.44148E+000	3.05185E+000
-5.61541E+001	-2.61727E+002	1.46733E+003	6.99484E+001	-1.81280E+001	-2.44148E+000
-9.96124E+001	-1.58696E+002	1.03616E+003	9.93072E+001	-3.08237E+001	-9.46074E+000
-8.78933E+001	-1.75787E+001	5.97186E+002	1.03092E+002	-2.69784E+001	-7.14133E+000
-4.05286E+001	1.22562E+002	3.01279E+002	7.24509E+001	-1.55034E+001	1.22074E+000
2.58797E+001	1.97272E+002	1.99225E+002	2.60628E+001	-9.09452E+000	-1.22074E+000
-9.76592E-001	1.67486E+002	1.23539E+002	-1.39775E+001	-1.15970E+000	-1.01321E+001
-9.27763E+001	-8.78933E+000	3.93078E+002	-6.28681E+001	1.95318E+001	-9.27763E+000
-2.63192E+002	-2.00201E+002	9.42412E+002	-1.10355E+002	4.43129E+001	-3.72326E+000
-3.23252E+002	-3.08603E+002	1.41704E+003	-1.05289E+002	2.42317E+001	0.00000E+000
-1.34770E+002	-3.01279E+002	1.57036E+003	-7.23899E+001	-2.44148E+000	1.17801E+001
5.85955E+000	-3.88684E+002	1.87017E+003	-5.60930E+001	4.08948E+000	1.69683E+001
1.36723E+001	-4.61440E+002	1.96344E+003	-1.30009E+001	1.12308E+001	1.27567E+001
-1.70904E+001	-3.65734E+002	1.60845E+003	5.69475E+001	-1.15360E+001	-2.50252E+000
-7.22678E+001	-2.22663E+002	1.16507E+003	1.04434E+002	-3.33262E+001	-1.56865E+001
-1.21097E+002	-8.83816E+001	7.47093E+002	1.16153E+002	-2.45369E+001	-1.20853E+001
-1.19633E+002	6.98263E+001	3.82336E+002	1.00101E+002	-1.10477E+001	3.05185E-001
-2.92978E+000	1.77740E+002	2.46590E+002	5.66424E+001	-8.48415E+000	9.76592E-001
-3.27158E+001	1.80670E+002	1.06937E+002	1.53203E+001	-6.10370E-001	-1.37944E+001
-2.01666E+002	3.95520E+001	2.16803E+002	-3.85754E+001	8.72829E+000	-1.83111E+001
-2.65633E+002	-1.01077E+002	6.08417E+002	-9.79034E+001	1.80059E+001	-2.56355E+000
-2.57820E+002	-2.77352E+002	1.33158E+003	-1.32694E+002	2.08747E+001	1.15360E+001
-6.68966E+001	-4.29701E+002	1.95514E+003	-1.09012E+002	2.01422E+001	2.64901E+001
6.29902E+001	-4.50697E+002	2.13434E+003	-4.47401E+001	1.63579E+001	2.33161E+001
3.46690E+001	-3.40342E+002	1.77056E+003	3.68053E+001	-1.22684E+001	-1.28178E+000
-5.27360E+001	-2.20222E+002	1.32279E+003	8.79543E+001	-2.72835E+001	-1.64190E+001
-1.72857E+002	-1.25004E+002	9.24345E+002	1.07425E+002	-2.16071E+001	-1.90435E+001
-2.08991E+002	-7.81274E+000	5.71795E+002	1.06449E+002	-2.05695E+001	-9.27763E+000
-5.02945E+001	1.20121E+002	3.74035E+002	7.55638E+001	-2.17292E+001	1.95318E+000
-4.39467E+000	1.74322E+002	2.45613E+002	3.41197E+001	-1.34281E+001	-6.65304E+000
-6.05487E+001	1.27934E+002	2.81259E+002	-8.24000E+000	6.71407E-001	-1.00711E+001
-4.10169E+001	4.05286E+001	5.06363E+002	-5.56047E+001	1.45268E+001	-4.76089E+000
-1.34770E+002	-6.20136E+001	8.62819E+002	-9.45463E+001	2.84433E+001	-6.59200E+000
-2.14362E+002	-1.82623E+002	1.32768E+003	-1.02725E+002	1.62358E+001	-7.69066E+000
-1.28422E+002	-2.33894E+002	1.58892E+003	-8.17286E+001	1.48320E+001	5.67644E+000
-4.15052E+001	-3.12510E+002	1.88189E+003	-5.71306E+001	2.06915E+001	1.17801E+001
-3.17392E+001	-3.78918E+002	1.90191E+003	-2.99081E+000	1.06815E+001	4.08948E+000
-1.13773E+002	-2.68075E+002	1.48540E+003	6.27461E+001	-1.51372E+001	-7.20237E+000
-1.19144E+002	-1.49907E+002	1.01907E+003	9.58281E+001	-2.74056E+001	-9.09452E+000
-9.86358E+001	-1.56255E+001	6.23066E+002	9.27763E+001	-2.16681E+001	-3.05185E+000
-1.01077E+002	7.51976E+001	4.13099E+002	6.55538E+001	-1.54424E+001	-4.88296E-001
-5.51775E+001	1.21097E+002	3.11533E+002	2.86264E+001	-8.17896E+000	9.76592E-001
-7.56859E+001	7.61742E+001	3.03720E+002	-7.14133E+000	-2.13630E+000	-3.84533E+000
-1.03519E+002	-1.31840E+001	4.34095E+002	-4.68154E+001	6.10370E-002	-5.31022E+000
-1.65532E+002	-1.01077E+002	8.44752E+002	-8.61232E+001	1.09256E+001	-9.76592E-001
-1.90435E+002	-1.98248E+002	1.30717E+003	-9.80255E+001	1.80059E+001	7.38548E+000
-6.34785E+000	-2.82235E+002	1.76470E+003	-8.03858E+001	1.34281E+001	1.70293E+001
5.61541E+001	-3.25205E+002	1.95904E+003	-3.46690E+001	4.76089E+000	8.24000E+000
-2.19733E+001	-2.94931E+002	1.72515E+003	2.38044E+001	-5.98163E+000	-4.51674E+000
-8.93582E+001	-2.34870E+002	1.37407E+003	6.28071E+001	-9.33866E+000	-7.38548E+000
-1.42094E+002	-1.49907E+002	9.69268E+002	8.39869E+001	-1.12308E+001	-6.71407E+000
-1.42094E+002	-3.66222E+001	6.25019E+002	8.48415E+001	-1.52593E+001	-4.39467E+000
-1.07913E+002	4.93179E+001	4.27747E+002	6.05487E+001	-1.25736E+001	1.22074E-001
-4.63881E+001	9.81475E+001	3.42784E+002	2.67953E+001	-4.02844E+000	1.52593E+000
-5.76189E+001	8.74050E+001	3.04697E+002	-5.00504E+000	-7.93481E-001	-2.01422E+000
-4.93179E+001	-9.76592E-001	4.74624E+002	-4.57167E+001	5.43229E+000	-1.40385E+000
-1.69927E+002	-1.08402E+002	8.52077E+002	-8.17896E+001	1.40996E+001	-5.55437E+000
-2.26081E+002	-2.09967E+002	1.39848E+003	-9.49126E+001	1.25736E+001	-4.27259E-001
1.85553E+001	-2.87118E+002	1.88678E+003	-7.61742E+001	1.47710E+001	1.77618E+001
4.68764E+001	-3.47667E+002	2.04010E+003	-2.33772E+001	3.72326E+000	7.87378E+000
-2.68563E+001	-2.76376E+002	1.66070E+003	4.28480E+001	-1.61748E+001	-4.63881E+000
9.27763E+000	-1.66021E+002	1.19193E+003	8.21558E+001	-2.42927E+001	-7.08029E+000
-8.05689E+001	-8.25220E+001	7.97388E+002	8.92972E+001	-1.92267E+001	-1.25736E+001
-1.30863E+002	-1.41606E+001	5.62029E+002	7.19626E+001	-1.02542E+001	-8.60622E+000
-9.66826E+001	5.56658E+001	4.39955E+002	4.37635E+001	-2.01422E+000	-1.95318E+000
-7.86157E+001	1.02542E+002	3.19834E+002	1.91656E+001	-2.99081E+000	-4.51674E+000
-1.03030E+002	8.78933E+001	2.80282E+002	-1.50761E+001	-2.86874E+000	-4.82192E+000
-8.74050E+001	-2.29499E+001	6.44551E+002	-6.71407E+001	1.24516E+001	3.47911E+000
-1.45024E+002	-1.28422E+002	1.16800E+003	-9.64995E+001	2.68563E+001	7.69066E+000
-1.03030E+002	-2.15339E+002	1.60601E+003	-8.11182E+001	2.80770E+000	1.01321E+001
3.07627E+001	-2.75887E+002	1.83746E+003	-4.52284E+001	-7.26341E+000	1.48930E+001
3.02744E+001	-2.95907E+002	1.92193E+003	-2.56355E+000	-4.27259E+000	6.10370E+000
6.83615E+000	-1.84088E+002	1.47856E+003	5.58489E+001	-1.22684E+001	-5.18815E+000
4.88296E+000	-7.71508E+001	9.90753E+002	8.58180E+001	-2.07526E+001	-1.23295E+001
-9.71709E+001	1.46489E+000	6.25019E+002	8.13013E+001	-1.61748E+001	-1.58086E+001
-1.38676E+002	8.10572E+001	4.00891E+002	5.46892E+001	-6.59200E+000	-8.30103E+000
-6.34785E+000	1.23539E+002	3.47667E+002	2.26447E+001	-8.30103E+000	-1.83111E+000
-2.78329E+001	6.20136E+001	3.28135E+002	-7.62963E+000	-6.46992E+000	-9.52177E+000
-1.87017E+002	-9.37529E+001	5.77166E+002	-5.33464E+001	1.03763E+001	-7.81274E+000
-2.18757E+002	-1.35746E+002	8.98465E+002	-8.17286E+001	2.17292E+001	6.59200E+000
-1.67486E+002	-1.96295E+002	1.27445E+003	-8.69167E+001	7.50755E+000	1.30619E+001
1.17191E+001	-2.95907E+002	1.75249E+003	-7.55638E+001	2.50252E+000	2.08747E+001
1.04984E+002	-3.51085E+002	1.96735E+003	-3.18613E+001	7.50755E+000	1.55644E+001
5.42009E+001	-2.76376E+002	1.71197E+003	3.12510E+001	-8.05689E+000	-2.01422E+000
4.10169E+001	-1.73345E+002	1.29008E+003	7.39158E+001	-1.95929E+001	-1.08646E+001
-4.88296E+001	-9.27763E+001	8.90652E+002	8.55129E+001	-1.60527E+001	-1.48320E+001
-9.86358E+001	-1.02542E+001	6.23554E+002	7.47093E+001	-1.11698E+001	-1.11087E+001
-9.71709E+001	6.78732E+001	4.29212E+002	5.05387E+001	-5.92059E+000	-4.39467E+000
-5.22477E+001	1.22074E+002	2.92001E+002	2.13019E+001	-6.46992E+000	-3.96741E+000
-9.76592E+001	8.25220E+001	3.08115E+002	-1.69073E+001	-2.38044E+000	-4.94400E+000
-8.88699E+001	-4.24818E+001	6.25507E+002	-6.14032E+001	1.03763E+001	1.89215E+000
-1.47954E+002	-1.46977E+002	1.09867E+003	-8.85037E+001	2.47200E+001	6.40889E+000
-6.29902E+001	-1.88971E+002	1.43999E+003	-7.59911E+001	9.52177E+000	1.11087E+001
1.87017E+002	-1.95318E+002	1.67144E+003	-4.82192E+001	-2.80770E+000	1.44047E+001
9.66826E+001	-2.79794E+002	1.77544E+003	-1.72124E+001	3.35704E+000	-3.54015E+000
-8.39869E+001	-3.06650E+002	1.64556E+003	2.38655E+001	-2.25837E+000	-1.30009E+001
-2.78329E+001	-1.86041E+002	1.23685E+003	6.21967E+001	-1.47710E+001	-7.75170E+000
-1.90435E+001	-7.03146E+001	8.73074E+002	7.56859E+001	-2.41096E+001	-1.22074E+001
-9.91241E+001	-1.66021E+001	6.40645E+002	6.26240E+001	-1.49541E+001	-1.38554E+001
-1.12308E+002	1.17191E+001	5.58611E+002	3.72326E+001	-1.03763E+000	-4.02844E+000
-6.10370E+001	4.88296E+001	4.78042E+002	1.92267E+001	-1.46489E+000	-4.27259E-001
-4.29701E+001	8.88699E+001	3.40342E+002	1.22074E-001	-3.84533E+000	-1.64800E+000
-7.86157E+001	2.39265E+001	4.07727E+002	-3.83312E+001	9.15555E-001	-7.32444E-001
-1.47954E+002	-1.12796E+002	8.35963E+002	-8.40480E+001	1.75176E+001	4.63881E+000
-5.22477E+001	-2.61238E+002	1.46294E+003	-1.04556E+002	2.80160E+001	1.86163E+001
1.84088E+002	-3.64757E+002	1.97809E+003	-7.90429E+001	2.11798E+001	2.34382E+001
1.00101E+002	-3.62316E+002	1.96197E+003	-1.19022E+001	-4.94400E+000	-1.34281E+000
1.56255E+001	-2.66121E+002	1.56597E+003	4.86465E+001	-2.19733E+001	-1.49541E+001
-1.36723E+001	-1.60161E+002	1.10453E+003	7.85546E+001	-1.88604E+001	-1.77007E+001
-1.02054E+002	-8.05689E+001	7.68090E+002	8.00195E+001	-9.39970E+000	-1.90435E+001
-1.30863E+002	-1.95318E+001	6.15741E+002	6.18305E+001	-1.22074E+000	-1.30619E+001
-8.59401E+001	6.15253E+001	4.90249E+002	4.22987E+001	2.44148E+000	-6.53096E+000
-1.06937E+002	1.01077E+002	3.47667E+002	2.21564E+001	-1.77007E+000	-8.66726E+000
-9.37529E+001	9.13114E+001	2.53914E+002	-1.31840E+001	-3.17392E+000	-3.60118E+000
-1.47465E+002	-4.39467E+001	5.53240E+002	-6.82394E+001	9.94903E+000	3.47911E+000
-2.32917E+002	-2.20710E+002	1.07083E+003	-1.00955E+002	1.25736E+001	9.21659E+000
-3.90637E+000	-3.19834E+002	1.62358E+003	-9.65606E+001	1.64800E+000	2.47200E+001
2.16803E+002	-4.01868E+002	2.04498E+003	-6.33564E+001	3.72326E+000	2.68563E+001
1.59673E+002	-3.46202E+002	1.88775E+003	1.70904E+000	-1.83111E+000	6.16474E+000
6.05487E+001	-2.74422E+002	1.48344E+003	5.62761E+001	-9.39970E+000	-1.01932E+001
-6.83615E+000	-1.78228E+002	1.07865E+003	8.15455E+001	-1.00101E+001	-1.80059E+001
-1.00589E+002	-8.98465E+001	7.59301E+002	8.49025E+001	-1.02542E+001	-1.98981E+001
-1.11820E+002	-4.88296E+000	5.50798E+002	6.85446E+001	-6.71407E+000	-1.08646E+001
-6.93381E+001	8.20338E+001	3.90637E+002	3.96741E+001	-3.05185E+000	-4.21155E+000
-1.18656E+002	1.01077E+002	2.53914E+002	1.18412E+001	-4.94400E+000	-8.54518E+000
-1.51372E+002	5.02945E+001	2.64657E+002	-2.80770E+001	-6.04266E+000	-5.43229E+000
-1.80670E+002	-1.12796E+002	7.42210E+002	-8.45973E+001	1.27567E+001	8.05689E+000
-1.24516E+002	-2.48543E+002	1.35405E+003	-1.07791E+002	3.15561E+001	2.40486E+001
1.04984E+002	-3.49132E+002	1.83599E+003	-8.39869E+001	2.51473E+001	2.81381E+001
4.58998E+001	-4.01868E+002	1.98053E+003	-2.72835E+001	1.04984E+001	7.14133E+000
-3.66222E+001	-3.06650E+002	1.64751E+003	3.83312E+001	-7.93481E+000	-5.37126E+000
5.17594E+001	-1.74322E+002	1.24906E+003	7.56249E+001	-1.38554E+001	-5.73748E+000
-3.22275E+001	-9.66826E+001	9.15067E+002	8.53908E+001	-1.22074E+001	-1.59307E+001
-9.61943E+001	-2.00201E+001	6.66036E+002	7.70898E+001	-9.39970E+000	-1.42216E+001
-6.78732E+001	7.56859E+001	4.72671E+002	5.37736E+001	-3.05185E+000	-7.26341E+000
-7.17795E+001	1.31840E+002	3.52062E+002	2.77718E+001	-4.51674E+000	-9.94903E+000
-1.31840E+002	1.22562E+002	2.77841E+002	-3.72326E+000	-5.85955E+000	-1.09867E+001
-1.85064E+002	1.46489E+000	4.91714E+002	-5.16373E+001	6.16474E+000	-1.34281E+000
-2.19733E+002	-1.17679E+002	9.11161E+002	-9.01517E+001	1.66021E+001	1.03763E+001
-1.44536E+002	-1.98248E+002	1.28959E+003	-9.64385E+001	8.60622E+000	2.14850E+001
9.03348E+001	-3.20811E+002	1.78423E+003	-8.27662E+001	3.60118E+000	2.98471E+001
1.66997E+002	-4.07727E+002	1.99664E+003	-3.44859E+001	3.72326E+000	1.58086E+001
1.26957E+001	-3.67199E+002	1.74517E+003	3.21055E+001	-1.09867E+001	-9.94903E+000
1.66021E+001	-2.23640E+002	1.29643E+003	8.06299E+001	-2.11188E+001	-1.54424E+001
-3.32041E+001	-1.00589E+002	8.56471E+002	9.28983E+001	-1.34892E+001	-1.89215E+001
-9.47295E+001	-1.80670E+001	6.26972E+002	7.65404E+001	-6.71407E+000	-1.72735E+001
-8.88699E+001	3.61339E+001	5.45427E+002	4.79141E+001	-4.27259E-001	-1.15360E+001
-1.19633E+002	8.49635E+001	4.46303E+002	2.81991E+001	-5.49333E-001	-1.24516E+001
-1.56743E+002	1.30375E+002	2.94931E+002	6.34785E+000	-6.34785E+000	-1.06815E+001
-1.64556E+002	6.10370E+001	3.88195E+002	-3.80261E+001	-7.32444E-001	-3.66222E-001
-1.63579E+002	-8.05689E+001	8.23267E+002	-8.41090E+001	1.54424E+001	1.22074E+001
-9.91241E+001	-1.73833E+002	1.23099E+003	-9.58281E+001	2.03253E+001	2.07526E+001
1.31840E+001	-2.60262E+002	1.58892E+003	-7.70898E+001	7.32444E+000	1.87384E+001
1.55278E+002	-3.29112E+002	1.85553E+003	-4.08338E+001	2.07526E+000	9.39970E+000
6.39668E+001	-3.33506E+002	1.71929E+003	1.04984E+001	2.50252E+000	-7.69066E+000
-3.17392E+001	-2.62215E+002	1.43706E+003	5.20646E+001	-2.50252E+000	-1.48320E+001
-7.71508E+001	-1.50884E+002	1.03616E+003	7.67846E+001	-8.91140E+000	-1.70293E+001
-1.10355E+002	-5.95721E+001	7.78344E+002	7.58080E+001	-1.32450E+001	-1.61748E+001
-1.08890E+002	2.00201E+001	5.94745E+002	5.92059E+001	-1.14750E+001	-1.17801E+001
-1.02054E+002	8.64284E+001	4.66811E+002	3.61950E+001	-1.22684E+001	-1.01932E+001
-1.23539E+002	1.20609E+002	3.36924E+002	9.88800E+000	-1.26347E+001	-8.05689E+000
-1.58696E+002	5.51775E+001	4.03821E+002	-3.31431E+001	-6.04266E+000	-3.66222E-001
-2.05084E+002	-9.76592E+001	8.18873E+002	-7.86767E+001	5.92059E+000	1.03153E+001
-1.67486E+002	-2.29011E+002	1.30277E+003	-9.65606E+001	1.76397E+001	2.75277E+001
1.17191E+002	-2.61727E+002	1.64214E+003	-7.41600E+001	5.49333E+000	3.72326E+001
1.60161E+002	-2.73446E+002	1.70464E+003	-2.85043E+001	-7.93481E+000	1.55644E+001
1.30375E+002	-2.78329E+002	1.60259E+003	1.16581E+001	-8.97244E+000	-1.52593E+000
1.10843E+002	-2.42195E+002	1.42387E+003	4.26038E+001	-3.23496E+000	-8.30103E+000
-5.37126E+000	-1.82134E+002	1.14310E+003	7.09861E+001	-1.05594E+001	-2.22175E+001
-8.54518E+001	-8.93582E+001	8.38893E+002	8.47804E+001	-1.66021E+001	-2.51473E+001
-1.01077E+002	4.88296E-001	6.10858E+002	7.12912E+001	-7.81274E+000	-1.78228E+001
-8.15455E+001	7.08029E+001	5.11246E+002	4.22987E+001	-2.44148E-001	-1.22684E+001
-9.61943E+001	1.14261E+002	4.47768E+002	1.64800E+001	-1.22074E-001	-1.06204E+001
-1.07913E+002	1.30863E+002	3.57433E+002	-9.58281E+000	-3.17392E+000	-5.73748E+000
-1.04007E+002	3.51573E+001	4.98550E+002	-5.10880E+001	2.68563E+000	2.92978E+000
-1.75298E+002	-1.11820E+002	9.33134E+002	-9.05179E+001	1.70904E+001	1.04373E+001
-1.22074E+002	-2.25105E+002	1.28520E+003	-9.44243E+001	2.27058E+001	2.16071E+001
-6.49434E+001	-3.33018E+002	1.60112E+003	-7.69677E+001	1.01321E+001	2.46590E+001
1.35746E+002	-3.90637E+002	1.91168E+003	-4.62050E+001	2.01422E+000	2.61238E+001
1.48930E+002	-3.16416E+002	1.71245E+003	1.45878E+001	-2.44148E+000	9.76592E+000
2.97861E+001	-2.19245E+002	1.35063E+003	6.01215E+001	-1.34281E+001	-1.19022E+001
-6.29902E+001	-1.39164E+002	1.00052E+003	8.00806E+001	-1.49541E+001	-1.81890E+001
-1.40629E+002	-4.93179E+001	7.02658E+002	7.87378E+001	-8.48415E+000	-1.53813E+001
-1.44047E+002	1.12308E+001	5.56658E+002	5.51164E+001	-1.22074E+000	-7.75170E+000
-8.83816E+001	6.93381E+001	4.76089E+002	3.07627E+001	6.71407E-001	-3.17392E+000
-1.02542E+002	9.47295E+001	3.43760E+002	1.14750E+001	-4.94400E+000	-6.10370E+000
-1.06449E+002	4.58998E+001	3.79406E+002	-3.03964E+001	-5.12711E+000	0.00000E+000
-1.27445E+002	-1.09867E+002	8.46706E+002	-8.65505E+001	8.72829E+000	9.33866E+000
-1.61138E+002	-2.81259E+002	1.37211E+003	-1.04617E+002	2.13630E+001	2.04474E+001
3.66222E+001	-3.88684E+002	1.84136E+003	-8.09351E+001	1.08036E+001	2.98471E+001
1.35258E+002	-3.58409E+002	1.90289E+003	-1.93487E+001	-6.10370E+000	1.64190E+001
1.49419E+002	-2.53426E+002	1.58257E+003	4.15662E+001	-1.84332E+001	-3.66222E-001
1.20609E+002	-1.68462E+002	1.24564E+003	7.33055E+001	-1.86163E+001	-1.50761E+001
-1.61138E+001	-9.61943E+001	8.99442E+002	8.58791E+001	-1.04984E+001	-2.47810E+001
-1.04984E+002	-1.66021E+001	6.44551E+002	7.56859E+001	-3.54015E+000	-2.23395E+001
-6.39668E+001	5.76189E+001	5.34196E+002	5.10269E+001	-1.15970E+000	-1.62358E+001
-3.66222E+001	1.10843E+002	4.32142E+002	3.05795E+001	-1.58696E+000	-1.78838E+001
-1.42582E+002	1.11820E+002	3.09580E+002	4.02844E+000	-4.02844E+000	-2.28278E+001
-2.44148E+002	1.61138E+001	4.69741E+002	-4.60829E+001	3.96741E+000	-1.15360E+001
-2.07526E+002	-9.61943E+001	8.84304E+002	-8.97244E+001	1.74566E+001	1.02542E+001
-1.05960E+002	-2.07526E+002	1.29008E+003	-9.84527E+001	1.71514E+001	2.33772E+001
2.53914E+001	-3.35459E+002	1.72027E+003	-8.15455E+001	7.01926E+000	2.40486E+001
7.17795E+001	-4.06751E+002	1.96588E+003	-3.79040E+001	2.86874E+000	1.47710E+001
4.39467E+000	-3.33506E+002	1.69048E+003	3.02133E+001	-1.01321E+001	0.00000E+000
1.12308E+001	-1.98248E+002	1.28275E+003	7.58690E+001	-2.49641E+001	-8.91140E+000
-4.19935E+001	-9.27763E+001	9.17508E+002	9.01517E+001	-2.31941E+001	-1.50151E+001
-5.07828E+001	2.19733E+001	6.20624E+002	8.22169E+001	-1.55034E+001	-1.04373E+001
-1.75787E+001	9.37529E+001	4.75112E+002	5.32243E+001	-8.97244E+000	-6.77511E+000
-1.07425E+001	1.30863E+002	3.72082E+002	2.44758E+001	-7.93481E+000	-9.21659E+000
-7.91040E+001	9.32646E+001	3.08603E+002	-7.56859E+000	-6.77511E+000	-1.08036E+001
-1.46489E+002	-1.56255E+001	5.01968E+002	-5.38347E+001	2.07526E+000	-4.69985E+000
-2.16803E+002	-1.59673E+002	1.01761E+003	-9.29594E+001	1.93487E+001	6.22578E+000
-4.54115E+001	-2.55379E+002	1.50786E+003	-9.25932E+001	1.81280E+001	2.19123E+001
6.98263E+001	-3.14463E+002	1.77789E+003	-5.92669E+001	5.18815E+000	2.14240E+001
8.10572E+001	-3.11533E+002	1.82379E+003	-1.37944E+001	-7.20237E+000	1.12918E+001
1.22562E+002	-2.29987E+002	1.58208E+003	3.46690E+001	-9.27763E+000	6.34785E+000
1.38188E+002	-1.48442E+002	1.29008E+003	7.08640E+001	-1.82501E+001	-8.85037E+000
-8.78933E+000	-8.20338E+001	9.66338E+002	9.22880E+001	-2.36213E+001	-2.52083E+001
-6.59200E+001	3.61339E+001	6.26972E+002	9.22269E+001	-1.64800E+001	-2.09967E+001
-3.75988E+001	1.45024E+002	3.63292E+002	6.82394E+001	-7.87378E+000	-1.50761E+001
-2.53914E+001	1.87017E+002	2.46590E+002	3.09458E+001	-5.98163E+000	-1.80059E+001
-1.32817E+002	1.09378E+002	2.71004E+002	-1.48930E+001	3.41807E+000	-1.69683E+001
-2.18757E+002	-1.66021E+001	5.00992E+002	-6.54927E+001	1.64800E+001	-2.44148E+000
-1.77252E+002	-1.25980E+002	8.96023E+002	-1.00162E+002	2.05695E+001	1.58696E+001
-6.29902E+001	-2.71493E+002	1.38920E+003	-1.14017E+002	1.87384E+001	2.70394E+001
-6.83615E+000	-4.37025E+002	1.92193E+003	-9.69268E+001	2.17902E+001	3.08237E+001
8.00806E+001	-4.45326E+002	2.07575E+003	-3.70495E+001	1.32450E+001	2.71615E+001
1.10843E+002	-2.82235E+002	1.62651E+003	4.73647E+001	-2.24006E+001	4.33363E+000
1.10355E+002	-1.40141E+002	1.17093E+003	9.33866E+001	-4.11390E+001	-1.44047E+001
4.34584E+001	-4.05286E+001	8.11548E+002	9.69878E+001	-2.41096E+001	-2.17292E+001
-5.17594E+001	3.75988E+001	5.67400E+002	7.96533E+001	-4.45570E+000	-1.94708E+001
-5.71306E+001	1.28422E+002	4.03821E+002	4.85244E+001	4.88296E-001	-1.03763E+001
-6.10370E+001	1.52348E+002	2.64657E+002	1.50151E+001	-2.74667E+000	-1.31840E+001
-1.62114E+002	8.69167E+001	2.20222E+002	-2.74056E+001	-5.98163E+000	-1.03153E+001
-2.69051E+002	-1.01077E+002	5.95721E+002	-9.85137E+001	6.04266E+000	6.89718E+000
-1.44536E+002	-3.23252E+002	1.28910E+003	-1.40996E+002	3.24107E+001	3.74157E+001
5.37126E+001	-4.16028E+002	1.69976E+003	-1.14872E+002	4.10169E+001	4.74258E+001
1.15238E+002	-4.74136E+002	1.94488E+003	-5.71306E+001	5.24918E+000	1.86163E+001
1.12796E+002	-4.58022E+002	1.84918E+003	1.28788E+001	-1.36113E+001	-3.78430E+000
1.02542E+002	-3.16904E+002	1.51176E+003	7.29392E+001	-1.61138E+001	-1.36723E+001
6.34785E+000	-1.97272E+002	1.13138E+003	1.07425E+002	-1.78228E+001	-2.83822E+001
-1.22074E+002	-7.17795E+001	7.17307E+002	1.22684E+002	-1.91046E+001	-2.91147E+001
-9.61943E+001	1.10843E+002	3.64757E+002	1.00711E+002	-1.78838E+001	-1.50761E+001
-5.37126E+001	2.29011E+002	1.65532E+002	4.97452E+001	-1.01932E+001	-1.19022E+001
-1.86041E+002	2.24128E+002	1.12308E+002	-7.20237E+000	-8.24000E+000	-1.45268E+001
-2.80282E+002	3.12510E+001	2.88583E+002	-7.16575E+001	-6.10370E+000	1.22074E-001
-9.81475E+001	-2.64168E+002	1.04398E+003	-1.36357E+002	2.44758E+001	3.80871E+001
7.12912E+001	-3.59874E+002	1.45463E+003	-1.29276E+002	4.65102E+001	4.99283E+001
8.34986E+001	-4.82437E+002	1.80963E+003	-8.53908E+001	2.09357E+001	2.43538E+001
5.66424E+001	-5.20524E+002	1.92096E+003	-2.15461E+001	4.88296E+000	3.23496E+000
1.31840E+001	-3.87219E+002	1.59575E+003	4.60829E+001	-5.00504E+000	-1.14139E+001
1.22074E+001	-2.47566E+002	1.25639E+003	8.70388E+001	-1.34892E+001	-2.19123E+001
-1.05960E+002	-1.25004E+002	8.82839E+002	1.08097E+002	-1.65410E+001	-2.61238E+001
-8.74050E+001	2.24616E+001	5.65447E+002	1.01505E+002	-1.53203E+001	-1.65410E+001
-4.58998E+001	1.47954E+002	3.78918E+002	6.34175E+001	-7.20237E+000	-8.97244E+000
-6.05487E+001	1.81158E+002	2.72469E+002	2.09967E+001	-1.83111E-001	-1.43437E+001
-1.62114E+002	1.18168E+002	2.86630E+002	-1.98981E+001	1.46489E+000	-1.46489E+001
-1.82623E+002	-1.85553E+001	5.00992E+002	-7.08029E+001	6.53096E+000	-8.54518E-001
-1.98248E+002	-2.03619E+002	1.05472E+003	-1.18229E+002	1.76397E+001	1.39164E+001
-1.20121E+002	-3.69152E+002	1.55181E+003	-1.19449E+002	2.36213E+001	3.06406E+001
7.17795E+001	-4.58998E+002	1.93316E+003	-8.29493E+001	1.97760E+001	3.51573E+001
9.66826E+001	-4.36537E+002	1.87408E+003	-1.06204E+001	-1.89215E+000	1.09867E+001
3.51573E+001	-3.45225E+002	1.55425E+003	5.23698E+001	-1.64800E+001	-8.78933E+000
-2.24616E+001	-2.32429E+002	1.18168E+003	8.86868E+001	-2.06915E+001	-2.20344E+001
-1.37700E+002	-1.18656E+002	8.37916E+002	1.03458E+002	-1.87994E+001	-2.69784E+001
-1.49907E+002	2.78329E+001	5.07828E+002	9.61333E+001	-1.75787E+001	-1.53203E+001
-6.25019E+001	1.54302E+002	3.16904E+002	5.68255E+001	-1.23905E+001	-5.31022E+000
-3.66222E+001	1.78228E+002	2.52937E+002	1.12918E+001	-8.11792E+000	-8.85037E+000
-1.04007E+002	8.25220E+001	3.38878E+002	-3.46080E+001	-1.03763E+000	-9.64385E+000
-1.41118E+002	-1.01077E+002	7.49046E+002	-9.49736E+001	1.31840E+001	3.23496E+000
-1.51372E+002	-2.91025E+002	1.30668E+003	-1.25614E+002	2.82601E+001	1.81280E+001
-1.75787E+001	-3.99915E+002	1.69195E+003	-9.85137E+001	2.01422E+001	2.76498E+001
1.01566E+002	-4.34584E+002	1.81158E+003	-4.06507E+001	2.80770E+000	1.96539E+001
5.61541E+001	-3.72570E+002	1.63140E+003	2.36213E+001	-8.60622E+000	-6.10370E-002
6.54317E+001	-2.54402E+002	1.36039E+003	6.64083E+001	-1.09256E+001	-1.00101E+001
-3.56456E+001	-1.42094E+002	9.84893E+002	9.42412E+001	-9.70489E+000	-1.99591E+001
-8.54518E+001	-1.41606E+001	6.61641E+002	9.60112E+001	-8.85037E+000	-1.81280E+001
-7.81274E+001	9.47295E+001	4.55580E+002	6.59810E+001	-7.93481E-001	-1.26347E+001
-1.30375E+002	1.39164E+002	3.27158E+002	2.59407E+001	4.45570E+000	-1.47710E+001
-2.08502E+002	8.30103E+001	3.40831E+002	-1.56865E+001	2.80770E+000	-1.21464E+001
-2.00201E+002	-3.51573E+001	4.59487E+002	-6.29902E+001	2.99081E+000	3.05185E+000
-1.22074E+002	-1.80670E+002	8.96023E+002	-1.12918E+002	6.22578E+000	1.36113E+001
-1.31840E+002	-4.24818E+002	1.53618E+003	-1.34220E+002	2.25227E+001	2.03864E+001
1.12308E+001	-5.87909E+002	2.04840E+003	-9.64995E+001	2.59407E+001	3.13120E+001
4.24818E+001	-5.07828E+002	1.91363E+003	2.44148E+000	-4.63881E+000	1.22074E+001
3.32041E+001	-3.33018E+002	1.50591E+003	8.07520E+001	-3.47911E+001	-1.30619E+001
-1.07425E+001	-2.09479E+002	1.13822E+003	1.10111E+002	-2.83212E+001	-2.60018E+001
-1.19144E+002	-9.27763E+001	8.02271E+002	1.15421E+002	-8.60622E+000	-2.45979E+001
-1.46001E+002	3.56456E+001	5.60564E+002	9.80865E+001	-5.18815E+000	-1.18412E+001
-4.24818E+001	1.70904E+002	3.71105E+002	6.18915E+001	-3.96741E+000	-3.23496E+000
-6.73849E+001	2.04108E+002	1.69927E+002	1.86773E+001	-2.31941E+000	-1.04984E+001
-1.21097E+002	1.02054E+002	1.75298E+002	-3.57067E+001	-3.17392E+000	-1.43437E+001
-2.44148E+002	-1.26469E+002	5.16617E+002	-1.08463E+002	2.24006E+001	-5.37126E+000
